ASV-ID	PT1_1	PT1_2	PT1_3	PT1_4	BR1_1	BR1_2	BR1_3	BR1_4	BR2_1	BR2_2	BR2_3	BR2_4	BR3_1	BR3_2	BR3_3	BR3_4	RIC1	RIC2	RIC3	RIC4	ROC_1	ROC_2	ROC_3	ROC_4
ASV_1	0	0	0	0	0	0	0	0	24	0	0	0	0	41	11	8	0	0	0	0	0	0	0	0
ASV_2	0	0	0	0	0	0	0	0	0	0	0	0	0	104	0	0	0	0	0	0	0	0	0	0
ASV_3	0	0	186	0	0	0	0	0	0	0	0	0	0	0	0	0	0	0	0	0	130	0	0	0
ASV_4	0	0	0	0	0	0	0	0	0	0	0	0	0	0	39	24	0	0	0	0	0	0	0	0
ASV_5	92	294	0	0	0	0	0	0	0	0	0	0	0	0	62	0	0	0	0	0	0	0	0	0
ASV_6	99	0	0	0	0	0	0	0	0	0	0	0	0	0	0	0	0	0	0	0	584	0	0	0
ASV_7	5653	4560	3225	283	71	189	0	475	1479	280	881	1626	2372	5016	1897	2247	0	0	0	0	5463	0	0	22
ASV_8	3114	2238	1175	149	42	97	0	353	138	114	267	704	988	1214	264	743	0	0	0	8	2769	0	0	0
ASV_9	0	0	95	0	0	0	0	0	0	0	0	0	0	0	345	0	0	0	0	0	0	0	0	0
ASV_10	0	0	0	0	0	0	0	0	0	0	74	0	0	0	0	0	0	0	0	0	0	0	0	0
ASV_11	0	0	0	0	0	0	0	0	0	0	0	0	0	102	0	0	0	0	0	0	0	0	0	0
ASV_12	0	0	0	0	0	0	0	0	0	0	0	0	142	134	0	0	0	0	0	0	0	0	0	0
ASV_13	0	0	298	0	0	0	0	0	0	0	0	0	0	0	0	94	0	0	0	0	0	0	0	0
ASV_14	0	323	0	409	0	0	0	0	0	0	0	0	19	103	0	16	0	0	0	0	945	0	0	0
ASV_15	133	356	186	0	0	0	0	0	0	0	0	94	122	0	0	0	0	0	0	0	130	0	0	0
ASV_16	0	0	0	0	0	0	0	0	83	0	0	0	175	175	79	147	0	0	0	0	0	0	0	0
ASV_17	0	0	0	100	0	0	0	0	0	0	0	0	0	0	0	0	0	0	0	0	253	0	0	0
ASV_18	88	0	0	0	0	0	0	52	0	0	0	0	67	0	0	0	0	0	0	0	0	0	0	0
ASV_19	0	0	0	0	0	0	0	0	0	0	0	0	0	59	0	0	0	0	0	0	0	0	0	0
ASV_20	2169	1172	814	87	70	0	0	168	209	80	198	537	457	1421	508	764	0	0	0	0	892	0	0	0
ASV_21	0	0	0	0	0	55	0	0	0	0	0	0	0	0	0	0	0	0	0	0	0	0	0	0
ASV_22	44	0	0	0	0	0	0	0	0	0	0	0	0	0	0	0	0	0	0	0	0	0	0	0
ASV_23	0	0	0	0	0	0	0	152	0	0	0	0	0	0	0	0	0	0	0	0	0	0	0	0
ASV_24	0	0	0	0	0	0	0	0	0	0	0	0	0	0	0	99	0	0	0	0	0	0	0	0
ASV_25	0	0	0	0	0	0	0	0	0	0	0	0	0	209	0	0	0	0	0	0	0	0	0	0
ASV_26	0	0	0	0	0	0	0	0	0	0	0	0	0	83	0	0	0	0	0	0	0	0	0	0
ASV_27	0	0	0	0	0	0	0	0	0	0	0	0	0	63	0	0	0	0	0	0	0	0	0	0
ASV_28	0	0	0	0	0	0	0	0	0	0	0	0	71	0	0	0	0	0	0	0	0	0	0	0
ASV_29	0	0	0	0	0	0	0	0	0	0	57	0	0	0	0	0	0	0	0	0	0	0	0	0
ASV_30	0	0	0	0	0	0	0	0	0	0	0	0	0	0	0	0	0	0	108	0	0	0	0	0
ASV_31	0	0	0	0	0	0	0	0	0	79	0	0	0	0	0	0	0	0	0	0	0	0	0	0
ASV_32	0	58	0	118	0	0	0	0	0	0	10	0	0	0	0	0	0	0	0	0	0	0	0	0
ASV_33	6	0	0	0	0	0	0	0	0	0	0	4	0	0	0	0	0	0	0	0	0	0	0	0
ASV_34	0	0	0	20	0	0	0	0	0	0	0	0	63	0	145	0	0	0	0	0	0	0	0	0
ASV_35	0	0	13	0	0	0	0	0	0	0	0	16	57	0	0	8	0	0	0	0	0	0	0	0
ASV_36	0	0	0	0	0	0	0	0	0	746	0	0	0	0	0	0	0	0	0	0	0	0	0	0
ASV_37	0	0	0	0	0	0	0	0	0	0	0	0	164	4	0	0	0	0	0	0	0	0	0	0
ASV_38	0	0	0	0	0	0	0	0	0	64	0	0	0	0	0	0	0	0	0	0	0	0	0	0
ASV_39	0	0	0	0	0	0	0	13	0	6	0	0	323	0	2120	15	0	0	0	0	0	0	0	0
ASV_40	5	0	0	0	65	0	0	0	0	19	0	2	543	123	1432	0	0	0	0	0	0	0	0	0
ASV_41	0	0	0	0	0	0	0	0	0	0	0	0	0	0	14	0	0	0	0	0	0	0	0	0
ASV_42	0	0	0	0	0	0	0	0	0	138	0	0	0	0	0	0	0	0	0	0	0	0	0	0
ASV_43	0	0	0	0	0	0	0	0	0	0	0	0	0	0	0	131	0	0	0	0	0	0	0	0
ASV_44	0	0	0	0	0	0	0	0	0	0	0	0	0	0	0	82	0	0	0	0	0	0	0	0
ASV_45	0	0	0	0	0	0	0	0	0	0	0	0	2	0	0	3128	0	0	0	0	0	0	0	0
ASV_46	0	0	0	0	0	0	0	0	0	0	0	0	0	0	0	126	0	0	0	0	0	0	0	0
ASV_47	0	0	0	0	0	0	0	0	0	0	0	0	0	0	0	73	0	0	0	0	0	0	0	0
ASV_48	0	0	0	0	0	0	0	0	0	0	0	0	0	0	0	55	0	0	0	0	0	0	0	0
ASV_49	0	0	0	0	0	0	0	0	0	893	0	503	0	11	95	35	0	0	0	3	0	0	0	0
ASV_50	0	0	0	0	0	0	0	0	0	0	0	0	179	0	0	0	0	0	0	0	0	0	0	0
ASV_51	0	0	0	0	0	0	0	0	0	0	0	0	299	0	0	0	0	0	0	0	0	0	0	0
ASV_52	0	0	0	0	0	0	0	0	0	0	0	0	48	0	0	0	0	0	0	0	0	0	0	0
ASV_53	11	19	0	0	0	0	0	6	0	31	0	0	39	0	0	0	35	0	0	0	4	0	0	0
ASV_54	463	39	49	0	0	0	0	0	0	16	0	8	0	0	0	0	0	0	0	0	0	0	0	0
ASV_55	0	6	7	0	0	0	0	0	0	0	0	19	0	0	0	0	0	0	0	0	0	0	0	0
ASV_56	20	0	0	0	0	0	0	0	0	0	0	0	0	0	0	0	0	0	0	0	0	0	0	0
ASV_57	0	0	0	0	0	0	0	0	0	0	0	13	0	0	0	0	0	0	0	0	0	0	0	0
ASV_58	0	0	0	0	0	0	0	0	0	0	0	28	0	3	0	0	0	0	0	0	619	0	0	0
ASV_59	0	21	0	0	0	0	0	0	0	47	0	0	0	0	0	0	0	0	0	0	0	0	0	0
ASV_60	0	0	0	0	0	0	0	0	0	0	0	0	10	0	0	3	0	0	0	0	0	0	0	0
ASV_61	0	0	0	0	0	0	0	0	0	29	0	0	0	0	0	0	0	0	0	0	0	0	0	0
ASV_62	0	0	0	0	0	0	0	0	0	0	0	41	0	60	0	0	0	0	0	0	0	0	0	0
ASV_63	0	0	0	0	0	0	0	0	0	0	0	0	0	0	0	0	0	0	0	0	58	0	0	0
ASV_64	0	0	31	0	0	0	0	0	0	0	0	0	68	0	0	0	0	0	0	0	0	0	0	0
ASV_65	0	0	0	0	0	0	0	0	0	153	0	276	54	0	0	0	0	0	0	0	0	0	0	0
ASV_66	0	0	0	0	0	0	0	0	0	0	0	43	0	0	0	0	0	0	0	0	0	0	0	0
ASV_67	0	0	0	3	0	0	0	0	0	882	0	406	76	0	0	27	0	0	0	0	0	0	2	0
ASV_68	0	0	0	0	11	0	0	0	0	233	0	450	378	20	0	0	0	0	0	0	0	0	0	0
ASV_69	0	0	14	0	0	0	0	0	0	0	0	0	0	0	0	0	0	0	0	0	0	0	0	0
ASV_70	0	0	64	0	0	0	0	0	0	0	0	0	382	0	0	0	0	0	0	0	0	0	0	0
ASV_71	0	0	0	0	0	0	0	0	0	0	0	0	261	0	0	0	0	0	0	0	0	0	0	0
ASV_72	0	0	10	0	0	0	0	0	0	0	0	0	0	0	0	0	0	0	0	0	0	0	0	0
ASV_73	0	0	0	0	0	0	0	0	27	293	0	122	0	41	0	0	0	0	0	0	0	0	0	0
ASV_74	0	0	0	0	0	0	0	0	0	180	0	0	0	0	0	0	0	0	0	0	0	0	0	0
ASV_75	0	0	0	0	0	0	0	0	0	24	0	0	0	135	9	0	0	0	0	0	0	0	0	0
ASV_76	0	0	0	0	0	0	0	0	0	0	0	0	24	0	0	234	0	0	0	0	0	0	0	0
ASV_77	0	0	16	0	0	0	0	0	0	0	0	0	89	81	0	0	0	0	0	0	0	0	0	0
ASV_78	90	0	0	0	0	0	0	0	0	0	0	0	0	0	0	0	0	0	0	0	16	0	0	0
ASV_79	87	0	0	0	0	0	0	0	0	0	0	0	0	0	0	0	0	0	0	0	18	0	0	0
ASV_80	67	0	0	0	0	0	0	0	0	0	0	0	0	0	0	0	0	0	0	0	0	0	0	0
ASV_81	0	0	0	0	0	0	0	0	0	0	0	20	0	0	0	0	0	0	0	0	0	0	0	0
ASV_82	0	0	0	0	0	0	0	10	0	0	0	197	0	0	0	0	0	0	0	0	0	0	0	0
ASV_83	0	16	0	0	0	0	0	12	0	0	0	7	13	22	0	0	0	0	0	0	0	0	0	0
ASV_84	0	0	27	0	0	0	0	0	0	0	0	0	0	0	0	0	0	0	0	0	0	0	0	0
ASV_85	0	0	0	0	0	0	0	0	0	0	0	0	0	12	0	0	0	0	0	0	0	0	0	0
ASV_86	0	0	0	0	0	0	0	0	0	0	0	0	13	0	0	0	0	0	0	0	0	0	0	0
ASV_87	0	0	0	0	0	0	0	0	0	0	14	0	0	0	0	0	0	0	0	0	0	0	0	0
ASV_88	24	38	52	0	0	0	0	0	0	0	0	0	0	0	0	0	0	0	0	0	0	0	0	0
ASV_89	0	0	0	0	0	0	0	0	0	80	0	0	0	0	0	0	0	0	0	0	0	0	0	0
ASV_90	0	0	4	0	22	21	0	0	0	56	37	4	0	0	0	0	0	0	0	0	0	0	0	0
ASV_91	0	0	0	0	10	4	16	26	10	23	9	11	0	0	0	0	0	0	0	0	0	0	0	0
ASV_92	0	0	0	0	0	0	0	0	0	0	11	0	0	0	0	0	0	0	0	0	0	0	0	0
ASV_93	0	0	0	0	0	0	0	0	0	83	0	0	0	0	0	0	0	0	0	0	0	0	0	0
ASV_94	0	0	0	0	0	0	0	0	0	37	0	0	0	0	0	0	0	0	0	0	0	0	0	0
ASV_95	0	0	32	0	0	0	0	0	0	0	0	0	0	0	0	0	0	0	0	0	0	0	0	0
ASV_96	0	0	0	0	0	0	0	0	0	17	0	19	0	0	0	0	0	0	0	0	0	0	0	0
ASV_97	0	18	0	7	0	0	0	0	0	379	0	68	0	0	0	0	0	0	0	0	0	0	7	0
ASV_98	0	0	0	0	0	0	0	0	0	260	0	0	12	0	0	0	0	0	0	0	0	0	0	0
ASV_99	0	0	0	0	0	0	0	0	0	92	0	0	0	0	0	0	0	0	0	0	0	0	0	0
ASV_100	0	14	0	0	0	0	0	0	0	217	0	0	0	0	5	0	0	0	0	0	0	0	0	0
ASV_101	0	0	0	0	0	0	44	18	0	56	0	0	76	34	0	0	0	0	0	0	0	0	0	0
ASV_102	0	0	0	0	15	30	25	33	44	431	38	192	27	38	29	25	0	0	0	0	0	0	0	0
ASV_103	0	0	0	0	0	0	21	21	46	84	37	26	21	19	10	0	0	0	0	0	0	0	0	0
ASV_104	0	120	187	0	65	0	0	0	0	0	0	0	0	0	0	0	0	0	0	0	0	0	0	0
ASV_105	456	769	1686	824	175	311	473	431	674	614	999	620	694	1578	741	649	0	0	0	0	0	0	0	0
ASV_106	0	0	0	0	0	0	0	0	0	0	45	0	0	0	0	0	0	0	0	0	0	0	0	0
ASV_107	0	0	356	87	0	0	60	0	0	0	0	0	0	0	0	0	0	0	0	0	0	0	0	0
ASV_108	2859	7102	9718	5449	464	404	1152	1392	1193	1365	1203	1879	763	1993	622	872	0	0	0	0	0	0	0	0
ASV_109	0	0	0	0	0	0	0	0	55	0	0	0	0	0	0	0	0	0	0	0	0	0	0	0
ASV_110	0	0	0	0	0	0	0	0	0	0	0	0	0	0	23	0	0	0	0	0	0	0	0	0
ASV_111	0	0	0	0	15	0	0	0	0	0	0	0	0	0	0	0	0	0	0	0	0	0	0	0
ASV_112	0	0	0	0	0	0	0	0	12	0	0	0	0	0	0	0	0	0	0	0	0	0	0	0
ASV_113	0	0	0	0	0	0	0	0	0	0	25	0	0	0	0	0	0	0	0	0	0	0	0	0
ASV_114	0	11	0	0	0	0	0	0	0	0	0	0	0	0	0	0	0	0	0	0	0	0	0	0
ASV_115	0	30	0	0	0	0	0	0	0	0	0	0	0	36	0	0	0	0	0	0	0	0	0	0
ASV_116	76	174	234	226	0	0	0	94	98	164	0	230	0	0	0	0	0	0	0	0	0	0	0	0
ASV_117	0	0	0	0	0	0	0	0	0	30	0	89	16	0	0	0	0	0	0	0	0	0	0	0
ASV_118	0	0	7	0	0	12	0	0	0	16	0	26	0	0	0	0	0	0	0	0	0	0	0	0
ASV_119	23	79	50	0	65	84	106	94	62	181	95	58	102	115	0	69	0	0	0	0	0	0	0	0
ASV_120	0	0	0	106	0	0	79	0	48	0	0	0	77	67	105	0	0	0	0	0	0	0	0	0
ASV_121	0	25	0	0	37	0	19	0	125	313	22	289	90	52	0	37	0	9	0	0	0	19	22	33
ASV_122	0	0	0	0	0	0	0	0	0	33	0	0	13	0	0	14	0	0	0	0	0	0	0	0
ASV_123	0	0	31	0	56	55	42	46	60	121	31	54	0	63	0	69	0	0	0	0	0	0	0	0
ASV_124	0	0	0	0	0	0	0	0	0	0	0	0	83	0	0	0	0	0	0	0	0	0	0	0
ASV_125	44	83	116	42	21	0	0	0	29	0	0	25	0	55	0	0	0	0	0	0	0	0	0	0
ASV_126	65	86	98	60	0	0	0	0	53	0	0	0	0	23	0	0	0	0	0	0	0	0	0	0
ASV_127	0	14	17	0	36	0	38	67	71	84	69	0	0	52	46	0	0	0	0	0	0	0	0	0
ASV_128	0	0	0	0	0	0	0	0	0	0	0	0	0	44	0	0	0	0	0	0	0	0	0	0
ASV_129	0	0	0	0	0	0	0	0	0	0	0	0	22	0	0	0	0	0	0	0	0	0	0	0
ASV_130	8	0	43	0	0	0	0	0	0	0	0	0	0	0	0	0	0	0	0	0	0	0	0	0
ASV_131	0	0	0	0	0	0	15	0	0	0	0	0	0	0	0	0	0	0	0	0	0	0	0	0
ASV_132	25	0	0	0	37	38	49	33	196	266	109	133	45	51	87	32	0	52	0	9	0	0	0	20
ASV_133	0	0	0	0	0	0	0	0	0	0	0	0	0	0	11	0	0	0	0	0	0	0	0	0
ASV_134	0	0	27	0	32	17	16	0	44	656	27	82	0	0	0	0	0	119	0	0	0	0	0	0
ASV_135	0	0	0	0	0	0	0	0	0	123	0	25	0	0	0	0	0	0	0	0	0	0	0	0
ASV_136	0	0	0	0	0	0	0	0	62	119	37	43	179	163	28	100	0	0	0	0	0	0	0	0
ASV_137	0	0	0	0	21	0	11	46	61	0	0	0	0	0	0	0	0	0	0	0	0	0	0	0
ASV_138	0	0	0	0	0	0	0	0	13	16	0	0	22	21	14	22	0	0	0	0	0	0	0	0
ASV_139	0	0	0	0	0	0	0	0	99	0	0	0	0	0	0	0	0	0	0	0	0	0	0	0
ASV_140	0	45	0	0	82	0	114	118	130	161	47	60	68	75	28	71	0	0	0	0	0	0	0	0
ASV_141	0	0	0	0	186	0	237	273	265	292	247	162	0	0	0	0	0	0	0	0	0	0	0	0
ASV_142	445	1023	1576	770	1542	969	2836	3031	3900	5409	4178	2231	1794	3561	2053	1930	0	100	0	15	10	0	52	156
ASV_143	0	41	37	55	0	32	25	0	92	308	40	78	54	29	8	64	0	31	0	0	0	0	0	31
ASV_144	0	0	0	0	0	0	0	0	0	400	0	0	0	0	0	0	0	0	0	0	0	0	0	0
ASV_145	0	0	0	0	0	0	0	0	0	108	0	0	0	0	0	0	0	0	0	0	0	0	0	0
ASV_146	0	0	0	0	0	0	0	0	2	17	0	11	0	0	0	0	0	0	0	0	0	0	0	0
ASV_147	0	0	0	0	0	0	0	0	0	64	0	0	0	0	0	0	0	0	0	0	0	0	0	0
ASV_148	0	0	0	0	0	0	0	0	0	264	0	0	0	0	0	0	0	0	0	0	0	0	0	0
ASV_149	0	0	0	0	0	0	0	0	0	100	0	0	0	0	0	0	0	0	0	0	0	0	0	0
ASV_150	0	0	9	3	0	0	0	0	0	0	0	0	0	0	0	0	0	0	0	0	0	0	0	0
ASV_151	0	0	8	0	0	0	0	0	0	30	0	12	0	0	0	0	0	0	0	0	0	0	0	0
ASV_152	0	0	7	6	0	0	0	0	0	0	0	0	0	0	0	0	0	0	0	0	0	0	0	0
ASV_153	0	0	0	0	0	0	0	0	0	0	0	13	0	0	0	0	0	0	0	0	0	0	5	0
ASV_154	0	0	0	0	128	41	303	176	164	414	221	214	6	10	0	0	0	0	0	0	0	0	0	0
ASV_155	0	0	0	0	0	0	11	0	0	0	12	0	0	0	0	0	0	0	0	0	0	0	0	0
ASV_156	2	9	6	0	0	8	12	3	0	36	32	17	15	21	0	12	0	0	0	0	0	0	0	0
ASV_157	0	0	0	13	0	0	0	18	0	21	15	7	0	3	0	0	0	0	0	0	0	0	0	0
ASV_158	0	0	0	0	10	8	14	0	20	38	42	20	26	25	21	10	0	0	0	0	0	0	0	0
ASV_159	0	0	0	0	7	25	24	17	118	160	58	51	16	37	8	7	0	0	0	0	0	0	0	0
ASV_160	0	5	0	0	0	9	25	22	43	102	37	36	0	0	0	0	0	0	0	0	0	0	0	0
ASV_161	0	0	0	0	30	0	0	0	0	0	0	0	0	0	0	0	0	0	0	0	0	0	0	0
ASV_162	0	0	0	0	0	0	0	0	0	12	0	4	0	0	0	0	0	0	0	0	0	0	0	0
ASV_163	0	0	4	0	12	18	43	26	32	84	40	43	20	36	8	8	0	0	0	0	0	0	0	0
ASV_164	0	0	0	0	0	0	0	0	0	15	0	10	0	0	0	0	0	0	0	0	0	0	0	0
ASV_165	0	0	0	0	0	0	0	0	0	28	0	0	0	0	0	0	0	0	0	0	0	0	0	0
ASV_166	0	0	0	0	0	0	0	0	0	0	0	13	0	0	0	0	0	0	0	0	0	0	0	0
ASV_167	0	0	0	0	0	0	0	0	0	21	4	12	0	0	0	0	0	0	0	0	0	0	0	0
ASV_168	0	0	0	0	0	0	0	0	0	11	0	7	0	0	0	0	0	0	0	0	0	0	0	0
ASV_169	0	0	0	0	0	0	0	0	0	12	0	0	0	0	0	0	0	0	0	0	0	0	0	0
ASV_170	0	0	0	0	0	0	6	0	9	0	0	0	0	0	0	0	0	0	0	0	0	0	0	0
ASV_171	0	0	0	0	0	0	0	0	0	27	4	7	0	0	0	0	0	0	0	0	0	0	0	0
ASV_172	0	0	0	0	0	16	0	5	0	127	0	0	0	0	7	0	0	0	0	0	0	0	0	0
ASV_173	0	6	19	7	4	0	0	0	0	0	25	53	6	9	0	0	0	0	0	0	0	0	0	0
ASV_174	0	0	0	0	0	0	0	0	0	14	0	0	0	0	0	0	0	0	0	0	0	0	0	0
ASV_175	0	0	0	0	4	0	5	0	20	0	12	0	0	0	0	0	0	0	0	0	0	0	0	0
ASV_176	0	0	0	0	0	0	0	0	0	21	0	10	0	0	3	0	0	0	0	0	0	0	0	0
ASV_177	0	0	0	0	0	0	0	0	0	16	0	0	0	0	0	0	0	0	0	0	0	0	0	0
ASV_178	2	0	9	8	67	47	123	59	129	304	202	124	133	197	52	39	0	0	0	0	0	0	0	0
ASV_179	0	10	0	0	0	0	0	0	0	0	0	0	0	0	0	0	0	0	0	0	0	0	0	0
ASV_180	0	0	0	0	207	190	566	219	575	521	619	145	178	182	58	58	0	0	0	0	0	0	0	0
ASV_181	0	0	0	0	0	0	0	0	3	19	0	0	0	0	0	0	0	0	0	0	0	0	0	0
ASV_182	0	49	0	0	0	0	0	0	0	0	0	0	0	0	0	0	0	0	0	0	0	0	0	0
ASV_183	0	21	0	0	0	0	0	0	0	0	0	0	0	0	0	0	0	0	0	0	0	0	0	0
ASV_184	0	0	0	0	0	0	0	0	0	12	0	0	0	0	0	0	0	0	0	0	0	0	0	0
ASV_185	0	0	0	0	0	0	0	0	0	28	3	16	0	0	0	0	0	0	0	0	0	0	0	0
ASV_186	111	449	360	408	81	49	219	102	156	228	207	192	189	220	91	55	0	0	0	0	0	0	0	0
ASV_187	0	0	0	0	0	0	0	0	0	39	0	0	0	0	0	0	0	0	0	0	0	0	0	0
ASV_188	0	0	0	0	0	0	0	0	0	13	0	0	0	0	0	0	0	0	0	0	0	0	0	0
ASV_189	0	140	0	55	96	88	189	129	318	241	235	217	988	718	282	220	0	0	0	0	0	0	0	0
ASV_190	30	0	0	49	37	0	81	0	0	0	0	0	0	0	0	0	0	0	0	0	0	0	0	0
ASV_191	0	0	0	0	0	0	0	0	14	0	0	0	0	0	0	0	0	0	0	0	0	0	0	0
ASV_192	0	40	55	0	72	101	115	99	124	111	286	89	657	233	66	57	0	0	0	0	0	0	0	0
ASV_193	0	0	0	11	0	0	0	0	0	3	0	0	0	0	0	0	0	0	0	0	0	0	0	0
ASV_194	0	0	0	0	0	0	0	0	0	31	0	0	0	0	0	0	0	0	0	0	0	0	0	0
ASV_195	0	0	5	8	0	0	0	0	12	2	0	0	0	0	0	0	0	0	0	0	0	0	0	0
ASV_196	7	0	19	0	0	0	0	0	6	3	9	0	6	0	2	0	0	0	0	0	0	0	0	0
ASV_197	3	0	0	8	0	0	0	0	0	0	0	0	3	0	0	0	0	0	0	0	0	0	0	0
ASV_198	0	2	0	0	0	0	0	0	0	0	7	0	7	5	7	0	0	0	0	0	0	0	0	0
ASV_199	0	0	0	0	0	0	0	0	23	0	0	0	0	0	0	0	0	0	0	0	0	0	0	0
ASV_200	0	0	0	0	0	0	0	21	0	0	0	0	18	0	28	0	0	0	0	0	0	0	0	0
ASV_201	0	0	0	0	0	0	0	0	21	0	0	0	11	0	0	0	0	0	0	0	0	0	0	0
ASV_202	0	0	0	0	0	0	0	0	0	0	19	0	0	0	0	0	0	0	0	0	0	0	0	0
ASV_203	0	0	0	0	0	0	0	0	0	0	0	9	25	37	0	0	0	0	0	0	0	0	0	0
ASV_204	0	0	0	0	0	0	0	0	0	0	0	0	23	0	0	0	0	0	0	0	0	0	0	0
ASV_205	0	0	0	0	0	0	0	0	0	0	0	0	22	0	0	0	0	0	0	0	0	0	0	0
ASV_206	0	0	0	0	0	0	0	0	0	0	35	0	0	0	0	0	0	0	0	0	0	0	0	0
ASV_207	0	0	0	0	0	0	0	0	0	0	20	0	0	0	0	0	0	0	0	0	0	0	0	0
ASV_208	0	0	0	0	0	0	0	0	0	0	0	0	35	0	0	0	0	0	0	0	0	0	0	0
ASV_209	0	2	0	0	0	0	0	9	5	0	8	0	0	0	0	0	0	0	0	0	0	5	0	0
ASV_210	0	0	0	0	0	0	0	0	0	0	7	0	12	7	0	0	0	0	0	0	0	0	0	0
ASV_211	0	4	0	5	8	2	4	64	27	0	48	22	13	4	9	0	0	0	0	0	0	0	0	0
ASV_212	0	0	0	0	0	0	0	0	4	0	0	0	7	0	16	0	0	0	0	0	0	0	0	0
ASV_213	0	0	0	4	0	0	2	5	0	0	0	0	0	0	0	0	0	0	0	0	0	0	0	0
ASV_214	0	0	0	0	0	0	8	7	0	0	8	0	0	0	0	0	0	0	0	0	0	0	0	0
ASV_215	0	0	0	0	0	0	0	5	19	0	29	0	0	0	0	0	0	0	0	0	0	0	0	0
ASV_216	0	0	0	0	0	0	0	0	0	0	0	18	0	0	0	0	0	0	0	0	0	0	0	0
ASV_217	0	0	0	11	0	0	0	0	0	0	0	0	0	0	0	0	0	0	0	0	0	0	0	0
ASV_218	0	0	0	0	614	0	0	32	0	0	401	86	0	46	0	0	0	41	0	0	0	0	0	0
ASV_219	0	0	0	0	0	0	0	0	0	0	0	0	55	0	0	0	0	0	0	0	0	0	0	0
ASV_220	5	3	0	0	2454	179	164	1383	25	567	432	6273	1708	221	13	83	0	169	0	0	2813	0	0	0
ASV_221	0	0	0	0	239	35	70	2457	0	163	64	162	555	210	0	194	0	68	0	7	121	0	0	0
ASV_222	0	0	0	0	0	0	0	0	0	0	0	0	48	0	0	0	0	0	0	0	0	0	0	0
ASV_223	0	0	2	0	72	78	0	740	0	66	365	1389	439	0	0	0	0	0	0	0	1017	0	0	0
ASV_224	0	0	0	0	0	0	0	0	0	0	0	0	0	0	0	0	0	0	0	0	0	0	16	0
ASV_225	0	0	0	0	0	0	0	0	0	0	112	0	0	0	0	0	0	0	0	0	697	0	0	0
ASV_226	0	0	0	0	471	0	0	388	10	63	107	1752	648	174	24	0	0	0	0	0	751	0	0	0
ASV_227	0	0	0	0	0	0	0	0	0	0	0	0	14	0	0	0	0	0	0	0	0	0	0	0
ASV_228	0	0	0	0	0	0	0	0	0	0	0	0	0	0	0	18	0	0	0	0	0	0	0	0
ASV_229	0	0	0	0	0	0	0	0	0	0	0	61	0	0	0	0	0	0	0	0	0	0	0	0
ASV_230	0	0	0	0	0	0	0	0	0	62	0	0	0	0	0	0	0	0	0	0	0	0	0	0
ASV_231	0	0	0	0	0	0	0	0	0	0	0	15	0	0	0	0	0	0	0	0	0	0	0	0
ASV_232	0	0	0	0	0	0	0	0	0	160	0	0	4	0	0	0	0	0	0	0	0	0	0	0
ASV_233	0	0	0	0	0	0	0	0	0	71	0	0	0	0	0	0	0	0	0	0	0	0	0	0
ASV_234	0	0	0	0	0	0	0	0	0	83	0	0	0	0	0	0	0	0	0	0	0	0	0	0
ASV_235	0	0	0	0	0	0	0	34	7	0	0	0	9	0	0	0	0	0	0	0	30	0	0	0
ASV_236	0	0	0	0	0	0	0	0	0	21	0	0	0	0	0	0	0	0	0	0	0	0	0	0
ASV_237	0	0	0	0	0	0	0	0	0	0	0	0	18	0	0	0	0	0	0	0	0	0	0	0
ASV_238	0	8	15	0	0	0	0	0	0	0	0	0	0	0	0	0	0	0	0	0	192	0	0	0
ASV_239	0	0	0	0	0	0	0	0	0	0	0	0	0	0	0	0	0	0	0	0	49	0	0	0
ASV_240	3	9	0	0	0	0	0	36	0	0	2	13	0	0	0	0	0	198	0	0	85	0	0	5
ASV_241	0	0	0	0	0	0	0	14	9	0	7	5	11	20	7	31	0	0	0	0	0	0	0	0
ASV_242	0	0	0	0	0	0	0	0	0	0	0	30	0	0	0	0	0	0	0	0	0	0	0	0
ASV_243	0	0	0	0	0	0	0	0	0	0	0	0	0	0	0	0	0	0	0	0	0	1098	10	951
ASV_244	0	0	0	0	0	0	0	0	12	0	0	0	0	0	0	0	0	0	0	0	0	0	0	0
ASV_245	0	0	0	0	0	0	0	0	0	0	0	0	0	0	0	0	0	0	12	0	0	0	380	0
ASV_246	0	0	0	0	0	0	0	0	0	0	0	0	0	0	0	0	0	0	0	0	0	0	23	0
ASV_247	0	0	0	0	0	0	0	0	0	0	0	0	0	0	0	0	0	0	0	0	0	20	0	0
ASV_248	0	0	0	0	0	0	0	0	0	0	0	0	0	0	0	0	0	0	0	0	0	153	0	0
ASV_249	0	0	0	0	0	0	0	0	0	0	0	0	0	0	0	0	0	0	0	0	0	164	0	0
ASV_250	0	0	0	0	0	0	0	0	0	0	0	0	0	0	0	0	0	0	0	0	0	0	0	261
ASV_251	0	0	0	0	0	0	0	4	0	0	28	7	0	0	0	0	0	0	0	0	0	0	1175	792
ASV_252	0	0	0	0	0	0	0	0	0	0	0	0	0	0	0	0	0	0	0	0	0	0	0	3750
ASV_253	0	0	0	0	0	0	0	0	0	0	0	0	0	0	0	0	0	0	0	0	0	93	449	0
ASV_254	0	0	0	0	0	0	0	0	0	0	0	0	0	0	0	0	0	0	0	7	0	0	35	639
ASV_255	0	0	0	0	0	0	0	0	0	0	0	6	0	0	0	0	0	0	0	0	0	0	257	0
ASV_256	0	0	0	0	0	0	0	0	0	0	0	0	0	0	0	0	0	0	0	0	0	0	61	78
ASV_257	0	0	0	0	0	0	0	0	0	0	0	0	26	0	0	0	0	0	0	0	0	0	0	698
ASV_258	0	0	0	0	0	0	10	0	0	0	23	0	0	0	0	0	0	6	0	0	0	0	52	658
ASV_259	0	0	0	0	0	0	0	0	0	0	0	0	0	0	0	0	0	0	0	0	0	18	0	0
ASV_260	0	0	0	0	0	0	0	0	0	0	0	0	0	0	0	0	0	0	0	0	0	0	193	0
ASV_261	0	0	0	0	0	0	0	0	0	0	0	0	0	0	0	0	0	0	0	0	0	0	0	16
ASV_262	0	0	0	0	0	0	0	0	0	0	0	23	51	0	0	0	0	0	0	0	25	49	0	364
ASV_263	0	0	0	0	0	0	0	0	0	0	0	0	0	0	0	0	0	0	0	0	0	0	93	0
ASV_264	0	0	0	0	0	0	0	92	101	0	187	0	0	33	15	15	0	0	0	0	0	0	0	0
ASV_265	67	24	62	55	203	40	60	566	177	0	528	644	94	0	0	0	0	20	0	0	1333	0	0	0
ASV_266	0	0	0	0	0	0	0	66	0	0	0	0	0	0	0	0	0	0	0	0	78	0	0	0
ASV_267	0	0	0	0	0	0	0	0	0	0	0	0	0	0	0	0	0	0	0	0	155	0	0	0
ASV_268	73	61	122	169	20	54	46	477	173	37	313	514	22	15	0	38	0	11	0	0	10434	0	210	12
ASV_269	0	0	0	0	0	0	12	75	27	0	50	51	22	58	40	24	0	0	0	0	404	0	0	0
ASV_270	0	0	0	0	0	0	0	28	0	0	50	0	20	0	36	0	0	0	0	0	0	0	0	0
ASV_271	0	0	0	0	0	0	11	0	0	0	0	0	0	0	0	0	0	0	0	0	0	0	0	0
ASV_272	0	0	0	0	0	9	0	46	129	0	0	33	0	0	47	20	0	0	0	0	0	0	0	0
ASV_273	0	0	0	0	0	0	0	261	187	0	138	58	0	30	0	0	0	0	4	0	0	0	0	18
ASV_274	0	0	0	0	0	5	0	43	0	0	0	0	0	0	0	13	0	0	0	0	0	0	0	0
ASV_275	0	0	0	0	0	0	0	0	0	0	0	27	0	0	0	0	0	0	0	0	0	0	0	0
ASV_276	0	0	0	0	0	0	0	0	0	0	0	0	0	0	0	0	0	0	0	0	0	356	0	0
ASV_277	0	0	0	0	0	0	0	0	0	0	0	0	0	0	0	0	0	0	0	0	0	442	0	0
ASV_278	0	0	0	0	0	0	3	3	6	0	0	7	0	0	0	0	0	0	0	0	0	0	0	0
ASV_279	0	0	0	0	0	2	0	0	7	0	7	0	0	0	0	0	0	0	0	0	0	0	0	0
ASV_280	0	0	0	0	0	0	0	0	0	0	11	0	0	0	0	0	0	0	0	0	0	0	0	0
ASV_281	0	0	0	0	0	0	0	0	3	0	7	3	0	0	0	0	0	0	0	0	0	0	0	0
ASV_282	6	31	5	11	0	0	0	36	8	0	76	11	174	141	116	63	0	0	0	0	0	0	0	0
ASV_283	0	0	0	0	0	0	3	0	0	11	6	0	0	0	0	0	0	0	0	0	0	0	0	0
ASV_284	0	0	0	0	0	0	0	0	0	10	0	0	0	0	0	0	0	0	0	0	0	0	0	0
ASV_285	0	0	0	4	0	0	0	0	0	0	0	0	0	8	0	0	0	0	0	0	0	0	0	0
ASV_286	0	3	0	0	8	20	39	51	72	22	63	27	39	36	31	16	0	0	0	0	0	0	0	0
ASV_287	0	0	0	0	11	0	14	7	28	0	53	5	22	18	16	14	0	0	0	0	0	0	0	0
ASV_288	0	0	0	0	0	0	0	0	0	33	0	0	0	0	0	0	0	0	0	0	0	0	0	0
ASV_289	0	7	0	0	6	6	0	61	49	5	77	67	100	69	39	64	0	0	0	0	0	0	0	0
ASV_290	0	0	0	0	0	0	0	0	0	23	0	0	0	0	0	0	0	0	0	0	0	0	0	0
ASV_291	0	0	0	0	8	0	0	10	0	0	0	0	0	0	0	0	0	0	0	0	0	0	0	0
ASV_292	0	0	0	0	0	0	0	0	0	42	0	0	0	0	0	0	0	0	0	0	0	0	0	0
ASV_293	0	0	0	0	25	0	0	0	0	222	0	14	7	8	0	21	0	0	0	0	0	0	0	0
ASV_294	0	0	0	0	0	0	0	0	0	23	0	0	0	0	0	0	0	0	0	0	0	0	0	0
ASV_295	0	0	0	0	0	0	0	0	0	32	0	0	0	0	0	0	0	0	0	0	0	0	0	0
ASV_296	0	15	0	0	11	0	0	0	0	139	0	3	6	0	0	0	0	0	0	0	4	3	10	0
ASV_297	0	0	0	0	0	0	0	0	0	35	15	17	0	0	0	3	0	0	0	0	0	0	0	0
ASV_298	0	0	0	0	77	65	186	241	20	68	660	60	270	248	165	198	0	0	0	0	0	0	0	0
ASV_299	10	33	50	0	44	33	25	40	63	28	37	0	0	35	0	0	0	0	0	0	0	0	0	0
ASV_300	0	0	0	0	61	0	41	23	0	32	0	0	56	0	70	40	0	0	0	0	0	0	0	0
ASV_301	0	0	0	0	0	0	0	12	0	0	0	0	0	0	0	0	0	0	0	0	0	0	0	0
ASV_302	0	0	0	0	0	0	0	14	0	0	0	0	0	0	0	0	0	0	0	0	0	0	0	0
ASV_303	0	0	0	0	4	0	0	6	0	0	0	0	0	0	0	0	0	0	0	0	0	0	0	0
ASV_304	0	0	0	0	0	12	26	0	0	106	0	67	0	0	0	0	0	0	0	0	0	0	0	0
ASV_305	0	17	0	0	34	0	73	11	30	237	26	65	66	17	0	85	0	0	0	0	0	0	4	0
ASV_306	0	0	7	0	0	0	0	0	0	153	0	12	0	0	0	0	0	0	0	0	0	0	0	0
ASV_307	0	0	0	0	0	0	0	74	0	0	0	0	0	0	0	0	0	0	0	0	0	0	0	0
ASV_308	1341	1902	2903	1846	4256	2140	6406	4864	2948	6478	3925	3550	3300	3528	2309	2491	0	17	0	0	255	0	0	0
ASV_309	0	0	0	0	0	0	0	0	0	0	14	0	0	0	0	0	0	0	0	0	0	0	0	0
ASV_310	0	0	0	0	0	11	0	0	0	0	0	0	0	0	0	0	0	0	0	0	0	0	0	0
ASV_311	13	0	0	0	0	0	0	0	0	0	0	0	0	0	0	0	0	0	0	0	5	0	0	0
ASV_312	0	0	0	0	10	0	12	4	5	18	7	5	0	0	0	0	0	0	0	0	0	0	0	0
ASV_313	0	0	10	12	132	51	145	150	82	134	213	73	230	115	130	115	0	0	0	0	0	0	0	0
ASV_314	0	36	0	0	161	45	152	136	89	135	164	110	339	261	66	149	0	0	0	0	0	0	0	0
ASV_315	204	467	657	556	300	231	364	375	682	370	397	375	691	564	268	263	0	0	0	0	0	0	0	0
ASV_316	0	0	0	0	0	9	0	0	0	16	0	0	0	0	0	0	0	0	0	0	0	0	0	0
ASV_317	0	0	0	0	9	18	11	11	16	111	10	31	14	14	5	17	0	0	0	0	0	0	0	0
ASV_318	0	0	0	0	0	0	0	0	0	24	0	0	0	0	0	0	0	0	0	0	0	0	0	0
ASV_319	0	0	0	0	0	0	9	0	0	0	25	0	0	0	0	0	0	0	0	0	0	0	0	0
ASV_320	0	28	0	0	0	0	17	26	29	0	26	47	91	82	61	29	0	0	0	0	0	0	0	0
ASV_321	0	0	0	9	33	26	23	0	17	19	16	0	60	36	26	24	0	0	0	0	0	0	0	0
ASV_322	10	5	15	0	30	0	52	57	27	41	22	34	140	128	38	66	0	0	0	0	0	0	0	0
ASV_323	0	0	0	0	0	0	0	0	0	19	0	0	26	0	0	0	0	0	0	0	0	0	0	0
ASV_324	0	0	0	0	0	0	0	0	7	0	10	0	21	8	0	0	0	0	0	0	0	0	0	0
ASV_325	0	0	0	0	45	9	49	36	22	45	40	20	48	38	0	8	0	0	0	0	0	0	0	0
ASV_326	0	0	0	0	27	11	45	79	84	62	100	42	0	0	0	0	0	0	0	0	0	0	0	0
ASV_327	0	0	0	0	34	0	24	30	39	32	22	21	0	0	4	0	0	0	0	0	0	0	0	0
ASV_328	0	0	27	0	0	0	0	0	0	0	0	0	0	0	0	0	0	0	0	0	0	0	0	0
ASV_329	8	23	0	19	130	55	147	128	196	355	228	135	35	45	41	57	0	0	0	0	0	0	0	0
ASV_330	0	0	0	0	0	0	8	0	0	62	0	8	0	0	0	0	0	0	0	0	0	0	0	0
ASV_331	0	0	0	0	0	0	0	0	0	9	0	2	0	0	0	0	0	0	0	0	0	0	0	0
ASV_332	0	0	0	0	0	0	0	0	0	14	0	0	0	0	0	0	0	0	0	0	0	0	0	0
ASV_333	0	0	0	0	0	0	0	0	0	11	0	0	0	0	0	0	0	0	0	0	0	0	0	0
ASV_334	0	9	0	0	19	32	27	36	16	154	45	60	220	131	18	81	0	0	0	0	0	0	0	0
ASV_335	0	0	0	0	0	0	0	0	0	35	0	6	0	0	0	0	0	0	0	0	0	0	0	0
ASV_336	0	0	0	0	0	0	0	0	0	17	0	0	0	0	0	0	0	0	0	0	0	0	0	0
ASV_337	0	0	0	0	0	0	5	0	0	16	9	0	0	0	0	0	0	0	0	0	0	0	0	0
ASV_338	0	0	0	0	0	0	0	0	0	14	0	0	0	0	0	0	0	0	0	0	0	0	0	0
ASV_339	0	0	0	0	0	8	0	5	19	8	15	0	6	10	15	9	0	0	0	0	0	0	0	0
ASV_340	0	0	0	0	0	0	12	0	0	0	0	0	0	0	0	0	0	0	0	0	0	0	0	0
ASV_341	0	0	0	0	0	2	7	0	0	3	2	0	3	7	5	3	0	0	0	0	0	0	0	0
ASV_342	0	0	0	0	0	7	14	0	0	5	3	0	0	0	0	0	0	0	0	0	0	0	0	0
ASV_343	0	0	0	0	2	0	0	0	0	12	0	0	0	0	0	0	0	0	0	0	0	0	0	0
ASV_344	0	0	0	0	0	0	0	0	0	11	0	0	0	0	0	0	0	0	0	0	0	0	0	0
ASV_345	0	0	0	0	134	148	196	211	153	38	67	22	124	141	180	247	0	0	0	0	0	0	0	0
ASV_346	0	85	55	105	362	298	367	491	143	119	671	151	686	361	207	917	0	0	0	0	0	0	0	0
ASV_347	0	0	0	0	0	0	0	157	0	0	45	0	79	0	70	0	0	0	0	0	0	0	0	0
ASV_348	440	965	1489	994	1244	1264	3353	2398	3325	2513	3693	2136	1857	2745	1122	3027	0	0	0	0	0	0	0	0
ASV_349	156	954	294	571	429	342	665	494	586	771	913	757	877	898	571	791	0	0	0	0	0	0	0	0
ASV_350	0	0	32	0	0	0	0	0	0	0	0	0	0	0	0	0	0	0	0	0	0	0	0	0
ASV_351	0	0	0	0	0	0	0	0	5	0	0	0	0	20	0	0	0	0	0	0	0	0	0	0
ASV_352	0	0	7	0	6	0	10	0	16	28	13	9	76	70	13	49	0	0	0	0	0	0	0	0
ASV_353	0	0	0	0	0	0	0	0	0	13	0	0	0	0	0	0	0	0	0	0	0	0	0	0
ASV_354	61	239	359	200	118	168	293	230	201	438	175	202	482	340	105	340	0	0	0	0	0	0	0	0
ASV_355	7	0	0	0	0	9	15	11	8	15	0	0	12	0	0	7	0	0	0	0	0	0	0	0
ASV_356	0	0	0	0	0	0	0	0	0	11	0	0	0	0	0	0	0	0	0	0	0	0	0	0
ASV_357	0	0	0	0	0	0	4	0	0	10	0	0	0	0	0	0	0	0	0	0	0	0	0	0
ASV_358	2	8	16	12	0	3	18	13	20	4	12	2	6	0	0	8	0	0	0	0	0	0	0	0
ASV_359	10	154	74	114	60	39	108	95	95	103	105	58	179	97	102	75	0	0	0	0	0	0	0	0
ASV_360	0	0	0	0	0	0	0	0	0	17	0	0	0	0	0	0	0	0	0	0	0	0	0	0
ASV_361	13	82	28	122	52	29	109	59	54	69	39	38	121	126	99	59	0	0	0	0	0	0	0	0
ASV_362	0	0	0	0	0	0	0	8	0	0	0	0	0	19	0	0	0	0	0	0	0	0	0	0
ASV_363	0	0	0	0	14	0	9	21	0	0	0	7	74	24	10	0	0	0	0	0	0	0	0	0
ASV_364	172	938	838	1337	773	953	1749	1205	808	841	945	582	884	944	733	624	0	0	0	0	0	0	0	0
ASV_365	0	0	0	0	26	0	68	26	0	108	16	57	39	39	5	0	0	0	0	0	0	0	0	0
ASV_366	0	0	0	0	44	12	72	31	47	80	44	50	0	0	0	16	0	0	0	0	0	0	0	0
ASV_367	0	0	0	0	0	0	0	0	0	0	40	0	0	0	0	0	0	0	0	0	0	0	0	0
ASV_368	0	0	0	0	0	0	0	0	0	73	0	6	0	0	0	0	0	0	0	0	0	0	0	0
ASV_369	0	0	0	0	0	0	8	0	0	0	3	0	0	0	0	0	0	0	0	0	0	0	0	0
ASV_370	0	0	0	0	9	0	6	6	12	0	5	4	12	9	6	7	0	0	0	0	0	0	0	0
ASV_371	0	0	0	0	0	0	0	0	8	2	6	0	0	0	0	3	0	0	0	0	0	0	0	0
ASV_372	0	0	0	0	0	0	0	20	0	0	8	0	0	0	0	0	0	0	0	0	0	0	0	0
ASV_373	0	0	0	0	0	0	0	0	0	15	0	0	0	0	0	0	0	0	0	0	0	0	0	0
ASV_374	28	81	39	69	158	177	294	306	205	261	482	360	195	167	164	159	0	0	0	0	0	0	0	0
ASV_375	0	0	0	0	0	18	0	44	24	0	0	33	21	0	0	16	0	12	0	0	0	83	0	15
ASV_376	0	0	0	0	10	0	8	8	0	6	16	25	4	7	0	0	0	0	0	0	0	0	0	0
ASV_377	0	0	0	0	0	0	5	0	0	6	0	9	0	0	0	0	0	0	0	0	0	0	0	0
ASV_378	0	0	0	0	0	0	0	7	6	0	10	0	0	0	0	0	0	0	0	0	0	0	0	0
ASV_379	0	0	0	0	0	0	0	17	0	0	0	0	0	0	0	0	0	0	0	0	0	0	0	0
ASV_380	0	0	0	0	0	0	0	0	0	11	0	0	0	0	0	0	0	0	0	0	0	0	0	0
ASV_381	38	95	89	141	0	0	0	47	42	0	34	34	59	93	45	48	0	0	0	0	0	0	0	0
ASV_382	13	30	27	18	0	0	0	12	9	0	17	0	0	0	0	0	0	0	0	0	0	0	0	0
ASV_383	0	0	0	10	0	0	0	0	0	0	12	0	17	32	11	25	0	0	0	0	0	0	0	0
ASV_384	0	0	0	0	0	0	0	0	3	8	0	6	0	0	0	0	0	0	0	0	0	0	0	0
ASV_385	0	0	0	0	0	0	0	0	0	0	23	37	0	0	0	0	0	0	0	0	0	0	0	0
ASV_386	0	0	0	0	0	0	0	0	0	0	13	0	0	0	0	0	0	0	0	0	0	0	0	0
ASV_387	35	117	69	175	50	104	134	206	214	92	276	123	142	232	224	180	0	7	0	0	0	6	0	0
ASV_388	0	0	0	0	0	0	0	0	0	0	0	0	0	0	19	14	0	0	0	0	0	0	0	0
ASV_389	0	0	0	0	18	9	25	32	60	12	63	27	33	38	16	22	0	0	0	0	0	0	0	0
ASV_390	0	0	0	0	0	0	0	0	0	0	0	0	0	17	0	0	0	0	0	0	0	0	0	0
ASV_391	0	25	0	31	0	0	0	0	0	0	0	0	28	0	18	0	0	0	0	0	0	0	0	0
ASV_392	0	0	0	0	3	0	0	0	0	0	17	8	12	7	8	10	0	0	0	0	0	0	0	0
ASV_393	0	0	0	0	0	0	0	0	0	0	22	0	0	0	0	0	0	0	0	0	0	0	43	0
ASV_394	0	7	7	0	0	0	0	0	0	0	0	0	0	0	0	0	0	9	0	0	0	0	0	0
ASV_395	0	0	0	0	0	0	0	0	0	0	0	0	0	0	0	0	0	10	0	0	0	0	0	0
ASV_396	0	0	0	0	0	0	0	0	0	0	0	0	0	0	33	0	0	0	0	0	0	0	0	0
ASV_397	0	0	0	0	0	0	0	0	0	0	0	0	13	0	0	0	0	0	0	0	0	0	0	0
ASV_398	0	0	104	0	0	0	0	0	0	0	0	0	0	0	0	0	0	0	0	0	0	0	0	0
ASV_399	699	1833	2072	2592	128	621	368	570	1086	211	1220	400	289	315	449	474	5	503	35	3	87	112	182	35
ASV_400	0	47	52	0	0	0	0	0	45	0	25	0	0	0	0	0	0	24	0	0	0	0	0	0
ASV_401	0	0	0	0	0	0	0	0	0	0	0	0	8	11	32	0	0	0	0	0	0	24	14	0
ASV_402	0	0	0	0	0	0	0	0	0	0	0	0	0	0	0	0	0	26	0	0	0	0	0	0
ASV_403	0	0	0	0	0	0	0	0	0	0	0	0	16	0	0	0	0	0	0	0	0	0	0	0
ASV_404	0	0	0	0	0	0	0	0	0	0	0	0	0	0	0	10	0	0	0	0	0	0	0	0
ASV_405	8	15	30	42	0	0	0	0	16	13	28	37	13	16	12	0	0	0	0	0	0	0	0	0
ASV_406	7	0	15	9	0	0	21	39	34	0	34	31	21	0	34	0	0	0	0	0	0	0	0	0
ASV_407	0	0	0	0	16	0	0	0	22	0	25	0	23	0	0	36	0	0	0	0	0	0	0	0
ASV_408	0	0	0	0	0	0	0	0	0	0	0	0	0	47	0	0	0	0	0	0	0	0	0	0
ASV_409	52	109	63	185	51	27	34	41	170	10	86	53	99	128	55	31	0	0	0	0	0	0	0	0
ASV_410	29	82	46	168	0	0	0	47	50	0	62	63	99	109	136	55	0	0	0	0	0	0	0	0
ASV_411	0	4	0	0	0	0	4	0	10	14	14	0	13	27	0	18	0	0	0	0	0	0	0	0
ASV_412	0	0	0	0	0	10	0	0	0	0	9	5	7	11	0	0	0	0	0	0	0	0	0	0
ASV_413	0	0	0	0	5	6	5	0	0	0	0	4	0	0	0	0	0	0	0	0	0	0	0	0
ASV_414	0	0	0	0	0	0	0	0	9	0	0	0	0	0	8	0	0	0	0	0	0	0	0	0
ASV_415	0	0	0	0	0	0	14	18	7	0	42	25	0	0	0	0	0	0	0	0	0	0	0	0
ASV_416	0	0	0	0	0	0	0	0	0	0	0	0	0	0	0	45	0	0	0	0	0	0	0	0
ASV_417	0	0	0	6	69	39	25	69	48	67	28	36	143	77	17	65	0	0	0	0	0	0	0	0
ASV_418	0	11	10	0	0	0	14	32	0	37	0	17	51	20	0	46	0	0	0	0	0	0	0	0
ASV_419	8	19	10	0	140	14	68	50	12	0	15	62	27	0	0	7	0	2	0	0	0	15	0	0
ASV_420	0	0	0	0	0	0	0	0	0	22	0	0	0	0	0	0	0	0	0	0	0	0	6	0
ASV_421	0	0	0	0	0	0	15	7	0	0	16	0	19	0	0	0	0	0	0	0	0	0	0	0
ASV_422	0	0	0	0	0	0	0	0	5	5	0	0	0	0	0	0	0	0	0	0	0	0	0	0
ASV_423	0	0	0	0	0	0	0	0	0	10	0	16	9	7	0	10	0	0	0	0	0	0	0	0
ASV_424	0	0	0	0	6	14	20	9	7	11	9	0	24	13	0	0	0	0	0	0	0	0	0	0
ASV_425	0	0	0	0	0	0	0	0	3	16	0	9	3	0	0	0	0	0	0	0	0	0	0	0
ASV_426	0	0	0	0	0	0	0	0	0	17	0	0	0	0	0	0	0	0	0	0	0	0	0	0
ASV_427	6	11	4	0	0	2	0	0	2	0	15	9	0	0	0	0	0	0	0	0	0	0	0	0
ASV_428	7	12	12	6	0	0	0	0	0	0	0	0	0	0	0	0	0	0	0	0	0	0	0	0
ASV_429	0	0	0	0	0	0	0	0	0	24	0	6	0	0	0	0	0	0	0	0	0	0	0	0
ASV_430	0	0	0	0	0	0	0	0	0	29	0	0	0	0	0	0	0	0	0	0	0	0	0	0
ASV_431	0	0	0	0	0	0	0	0	0	0	0	0	3	0	0	0	11	0	0	0	0	0	0	0
ASV_432	0	0	0	0	14	0	79	41	51	92	35	47	0	0	0	0	0	126	19	0	0	69	217	0
ASV_433	0	0	0	0	0	0	0	0	0	0	0	0	0	0	0	0	0	0	0	0	0	0	29	0
ASV_434	0	5	8	58	41	37	0	14	0	0	16	0	43	113	176	76	0	27	77	45	0	144	6	49
ASV_435	0	0	0	0	0	0	0	0	0	0	0	0	0	0	0	0	0	0	16	0	0	0	0	0
ASV_436	0	0	0	6	0	0	0	0	0	0	11	0	6	0	0	0	0	0	0	0	0	0	0	0
ASV_437	4	0	0	0	0	0	0	0	0	0	0	19	0	0	0	0	0	0	0	0	0	0	0	0
ASV_438	0	0	0	0	0	0	0	0	0	0	0	10	0	0	0	0	0	0	0	0	0	0	0	0
ASV_439	0	0	0	0	0	0	0	0	0	0	0	0	0	0	0	0	0	13	0	0	0	0	0	0
ASV_440	0	0	0	0	0	0	10	0	0	0	0	0	0	0	0	0	0	0	0	0	0	0	0	0
ASV_441	0	0	0	0	0	0	0	20	39	16	27	0	0	24	0	0	0	0	0	0	0	0	0	0
ASV_442	0	0	31	0	0	0	0	0	0	0	0	0	0	0	0	0	0	0	0	0	0	0	0	0
ASV_443	0	24	24	0	0	0	0	0	0	0	0	0	0	0	0	0	0	0	0	0	0	0	0	0
ASV_444	0	0	0	0	12	0	10	0	27	9	17	0	12	25	0	0	0	0	0	0	0	0	0	0
ASV_445	0	0	0	0	0	9	15	24	0	0	0	0	0	0	17	0	0	0	0	0	0	0	0	0
ASV_446	0	0	0	0	0	0	20	0	0	0	0	0	0	0	0	0	0	0	0	0	0	0	0	0
ASV_447	0	0	0	0	16	0	0	0	0	0	0	0	0	0	0	0	0	0	0	0	0	0	0	0
ASV_448	0	0	0	0	0	0	0	0	0	0	0	16	0	0	0	0	0	0	0	0	0	0	0	0
ASV_449	0	0	0	0	0	0	0	0	13	32	0	0	0	0	6	0	0	114	0	0	0	0	62	0
ASV_450	0	5	0	4	0	0	0	0	0	0	0	0	0	0	0	0	0	0	0	0	0	19	0	0
ASV_451	0	0	0	0	0	14	0	26	0	0	0	9	14	44	0	0	0	0	3	0	3	0	0	0
ASV_452	0	0	0	0	0	0	0	0	0	0	0	0	0	0	0	0	0	0	0	0	0	0	12	0
ASV_453	0	0	0	0	0	0	0	0	0	0	0	0	0	0	0	0	0	0	0	0	0	0	209	17
ASV_454	0	68	0	40	0	0	0	0	0	0	0	0	77	28	0	0	1602	0	6541	1789	1620	0	1005	5085
ASV_455	0	0	0	0	0	0	0	0	0	0	0	11	0	0	0	0	0	0	0	0	0	0	68	0
ASV_456	0	0	0	0	0	0	0	0	0	111	0	0	0	0	0	0	0	0	0	0	0	0	0	67
ASV_457	0	0	0	0	0	0	44	20	357	51	237	189	291	85	78	0	110	314	10090	6868	0	1441	4153	7055
ASV_458	0	0	0	0	0	0	0	0	0	0	0	0	0	0	0	0	0	0	0	554	0	0	0	0
ASV_459	13	14	0	0	44	98	348	112	122	26	142	549	199	60	0	0	460	6234	219	6456	120	6248	13898	3639
ASV_460	0	0	0	0	0	0	0	0	0	0	0	0	0	0	0	0	0	0	0	0	0	0	0	57
ASV_461	0	0	0	0	0	0	0	0	0	0	0	0	0	0	0	0	0	0	0	108	0	108	0	96
ASV_462	0	0	0	0	0	0	0	0	0	0	0	0	0	0	0	0	0	38	0	0	0	0	0	0
ASV_463	0	0	0	0	0	57	0	0	0	0	0	0	0	0	0	0	0	0	0	0	0	859	0	0
ASV_464	0	0	0	0	0	44	0	0	0	0	0	0	0	0	0	0	0	0	0	0	0	808	0	0
ASV_465	0	0	0	141	0	0	0	0	42	0	0	0	137	0	0	0	28	0	0	719	524	111	1175	1239
ASV_466	0	0	0	0	0	0	0	0	0	0	0	0	0	0	0	0	0	18	0	0	0	40	0	0
ASV_467	0	0	0	0	0	0	0	0	0	0	0	0	0	0	0	0	0	0	0	0	0	0	0	81
ASV_468	0	0	0	0	0	0	0	0	0	0	0	0	0	0	0	0	0	0	0	0	0	0	0	27
ASV_469	0	0	0	0	0	72	0	0	179	0	214	135	330	47	0	13	162	270	3283	6704	0	1027	1666	6895
ASV_470	0	0	0	0	0	0	0	0	0	0	0	0	0	0	0	0	0	0	0	144	0	0	0	0
ASV_471	0	0	0	0	0	0	0	0	0	0	0	0	0	0	0	0	0	33	0	66	0	0	0	253
ASV_472	0	0	0	0	0	0	0	0	0	0	0	0	0	0	0	0	0	0	0	0	0	0	637	0
ASV_473	0	21	24	0	0	0	0	0	0	0	0	26	0	0	0	0	0	0	0	0	479	0	0	495
ASV_474	0	0	0	0	0	0	0	0	0	0	0	0	0	0	0	0	0	0	0	0	213	0	0	0
ASV_475	0	0	0	0	0	0	0	0	0	28	0	0	0	0	0	0	5273	0	0	13364	2554	593	362	5470
ASV_476	0	0	0	0	0	0	0	0	0	0	0	0	0	0	0	0	0	0	0	0	0	0	0	69
ASV_477	0	0	0	0	0	117	0	0	0	0	0	0	0	0	0	0	0	366	0	0	0	191	0	0
ASV_478	0	0	0	54	0	0	0	0	0	0	0	0	0	0	0	0	0	0	0	0	0	0	0	0
ASV_479	3747	4050	6403	4530	2397	1890	4351	4737	5479	1564	7596	3447	1630	2287	2477	82	388	20768	3406	8548	2046	4135	1955	82
ASV_480	0	0	0	0	0	0	0	0	0	0	231	0	0	0	0	0	0	0	0	0	0	0	0	0
ASV_481	0	166	0	0	0	0	0	0	0	0	0	0	0	0	0	0	0	0	0	0	0	0	0	0
ASV_482	0	0	0	0	0	0	73	0	0	125	249	0	0	0	0	0	0	285	0	0	0	0	0	0
ASV_483	0	0	0	0	0	0	0	148	0	0	0	0	112	0	64	0	0	169	0	274	0	0	0	0
ASV_484	0	0	0	0	1965	446	3760	801	296	521	2213	546	0	0	0	0	0	0	0	0	0	0	0	0
ASV_485	0	0	0	0	0	0	0	0	0	0	0	0	11	0	0	0	0	0	0	0	0	0	0	0
ASV_486	0	0	0	0	0	0	0	0	0	13	0	0	0	0	0	0	0	0	0	0	0	0	0	0
ASV_487	0	0	0	0	0	0	0	0	0	0	0	0	0	0	0	0	0	0	0	0	0	24	0	0
ASV_488	0	0	0	0	0	0	0	0	0	0	0	0	0	0	0	0	0	0	0	11	0	0	0	0
ASV_489	0	0	0	0	0	0	0	0	0	0	0	0	0	0	0	0	0	0	0	13	0	0	0	0
ASV_490	0	0	0	0	0	0	0	0	0	0	0	0	10	0	0	0	0	0	0	0	0	0	0	0
ASV_491	0	0	0	0	0	0	0	0	0	0	0	0	0	0	0	0	0	0	15	0	0	0	0	0
ASV_492	0	0	0	0	0	0	0	0	0	0	0	0	0	0	0	0	0	0	0	0	0	0	17	0
ASV_493	0	0	0	0	0	0	0	0	0	0	0	0	0	0	0	0	0	0	13	0	0	0	0	0
ASV_494	0	0	0	0	0	0	0	0	0	0	0	22	0	0	0	0	0	0	0	0	0	0	0	0
ASV_495	0	0	0	0	0	0	0	0	0	0	0	0	0	0	0	0	0	0	0	16	0	0	0	0
ASV_496	0	0	0	0	0	0	0	0	0	0	0	0	0	12	0	0	0	0	0	0	0	0	0	0
ASV_497	0	0	0	0	0	0	0	19	0	0	0	0	0	0	0	0	0	0	0	0	0	0	0	0
ASV_498	0	0	17	0	0	0	0	0	0	0	0	0	0	0	0	0	0	0	0	0	0	0	0	0
ASV_499	0	0	0	0	0	0	0	0	0	0	0	0	0	0	0	0	0	11	0	0	0	0	0	0
ASV_500	0	0	0	0	0	0	0	0	0	26	0	0	0	0	0	0	0	0	0	0	0	0	0	0
ASV_501	0	0	0	0	0	0	0	0	0	0	0	0	0	0	0	0	0	11	0	0	0	0	0	0
ASV_502	0	0	0	0	0	0	0	0	0	0	0	0	0	18	0	0	0	0	0	0	0	0	0	0
ASV_503	0	0	32	0	0	0	0	0	0	0	0	0	0	0	0	0	0	0	0	0	0	0	0	0
ASV_504	4	14	0	0	0	0	0	0	0	0	0	0	0	0	0	0	0	0	0	0	0	0	0	0
ASV_505	0	0	0	0	0	0	0	0	0	11	0	0	0	0	0	0	0	0	0	0	0	0	0	0
ASV_506	0	0	0	0	0	0	0	0	0	26	0	0	0	0	0	0	0	0	0	0	0	0	0	0
ASV_507	0	0	0	0	0	0	11	0	0	0	0	0	0	0	0	0	0	0	0	0	0	0	0	0
ASV_508	0	0	0	0	0	0	0	0	0	0	0	0	10	0	0	0	0	0	0	0	0	0	0	0
ASV_509	0	0	0	0	0	0	0	0	0	0	0	0	0	0	0	0	0	0	0	25	0	0	0	0
ASV_510	0	0	0	0	0	0	0	0	0	0	0	0	0	0	0	0	0	0	0	0	0	11	0	0
ASV_511	0	0	0	0	0	0	0	0	0	0	0	0	0	0	0	0	0	0	0	10	0	0	0	0
ASV_512	0	0	0	0	0	0	0	0	0	0	0	0	0	0	0	0	0	23	0	0	0	0	0	0
ASV_513	0	0	0	0	0	0	14	0	0	0	0	0	0	0	0	0	0	0	0	0	0	0	0	0
ASV_514	0	0	0	0	0	0	0	0	0	0	0	0	0	0	0	28	0	0	0	0	0	0	0	0
ASV_515	0	0	0	0	0	0	0	0	0	0	0	55	0	0	0	0	0	0	456	0	0	0	0	0
ASV_516	0	0	242	279	37	93	1094	20	0	982	155	163	247	0	0	0	4096	432	2773	2256	286	0	185	0
ASV_517	0	0	0	0	0	0	0	0	0	0	0	0	0	0	0	0	0	0	0	0	0	0	0	16
ASV_518	0	0	0	0	0	0	0	0	0	0	0	85	0	0	0	0	0	0	1188	0	0	0	0	0
ASV_519	1147	1722	441	774	0	0	124	1250	16	1932	454	3868	407	1623	302	400	0	0	136	40	40	0	0	0
ASV_520	0	0	0	77	0	0	0	0	0	0	0	0	0	0	0	0	0	0	0	0	0	0	0	0
ASV_521	604	269	1761	2656	355	314	767	433	20	1238	320	742	354	376	267	1413	660	18069	14146	2737	166	3807	234	472
ASV_522	0	0	0	53	0	0	0	0	0	0	0	0	0	0	0	0	0	0	0	0	0	0	0	0
ASV_523	0	0	0	0	0	0	0	0	0	0	0	0	0	0	0	0	0	0	0	0	0	0	12	0
ASV_524	0	0	0	0	0	0	0	0	0	0	0	0	0	0	0	0	0	0	0	0	0	0	33	0
ASV_525	0	0	0	0	0	0	0	0	0	38	0	0	6	0	0	0	0	0	0	0	0	0	0	0
ASV_526	0	0	0	0	9	0	0	0	0	0	10	0	36	25	5	24	0	0	0	0	0	0	0	0
ASV_527	0	0	0	0	0	0	0	0	0	33	0	6	0	0	0	0	0	0	0	0	0	0	7	0
ASV_528	0	0	0	0	0	0	0	0	0	266	0	16	38	0	0	0	0	0	0	0	0	0	0	44
ASV_529	0	0	0	0	0	0	0	0	0	49	0	0	0	0	0	0	0	0	0	0	0	0	0	0
ASV_530	0	0	0	0	0	0	0	0	0	0	0	0	12	0	0	0	0	0	0	0	0	0	0	0
ASV_531	0	0	0	0	0	0	0	0	0	5	0	0	0	0	0	0	0	0	0	0	357	0	137	0
ASV_532	0	0	0	0	0	0	0	0	0	0	0	0	0	0	0	0	0	0	0	0	68	0	0	0
ASV_533	0	0	0	0	0	0	0	0	0	0	0	0	0	0	0	0	0	0	0	0	15	0	0	0
ASV_534	0	9	0	0	52	22	117	94	61	57	210	56	85	83	79	54	0	290	104	39	0	18	39	20
ASV_535	0	0	0	0	0	0	0	0	0	42	0	0	0	0	0	0	0	0	0	0	10	0	0	0
ASV_536	0	0	0	0	0	0	69	51	89	0	57	0	235	142	88	156	0	159	27	110	0	31	0	441
ASV_537	27	21	4	7	759	221	811	269	289	441	4139	560	113	138	0	20	0	232	28	0	9	0	44	46
ASV_538	0	0	0	0	105	0	63	24	29	19	58	45	281	69	21	39	0	0	0	31	0	62	23	99
ASV_539	0	0	0	0	0	0	0	0	0	10	0	0	0	0	0	0	0	0	0	0	0	0	0	0
ASV_540	15	22	41	13	112	47	98	120	79	46	150	47	30	0	0	0	0	104	108	11	39	0	0	0
ASV_541	0	0	0	0	0	0	0	0	0	0	0	37	0	0	0	0	0	0	0	0	0	0	0	0
ASV_542	0	0	0	0	0	0	0	0	0	0	0	0	13	0	0	9	0	0	0	0	0	0	0	0
ASV_543	0	0	0	0	0	0	0	0	0	10	0	0	0	0	0	0	0	0	0	0	0	0	19	0
ASV_544	0	0	0	0	0	0	0	11	0	66	27	31	21	0	0	0	0	0	12	0	0	7	43	0
ASV_545	0	0	0	0	15	8	9	0	18	0	0	0	0	0	0	0	0	0	0	0	0	0	29	0
ASV_546	0	0	0	0	0	0	0	0	0	0	0	0	26	14	0	0	0	0	0	11	0	0	0	0
ASV_547	0	0	0	0	14	0	0	0	0	0	0	0	0	0	0	4	0	0	0	0	0	0	0	0
ASV_548	0	0	0	0	0	0	10	0	0	0	0	0	0	0	0	0	0	0	0	0	0	0	0	0
ASV_549	0	0	0	0	0	0	0	0	0	0	23	0	0	0	0	0	0	0	0	0	0	0	0	0
ASV_550	0	0	0	0	0	0	0	0	0	9	2	5	0	0	0	0	0	0	0	0	0	0	0	0
ASV_551	0	0	0	3	0	0	0	0	0	10	0	0	3	3	0	0	0	0	0	0	0	0	0	0
ASV_552	0	0	0	0	0	0	0	0	0	94	0	0	0	0	0	0	0	0	0	0	0	0	0	0
ASV_553	0	0	0	0	0	0	0	0	0	0	0	0	0	0	0	0	12	0	0	0	156	57	27	0
ASV_554	0	0	0	0	0	0	0	0	0	0	0	0	0	0	0	0	13	0	0	0	242	35	49	0
ASV_555	0	0	0	0	0	0	0	0	0	0	0	4	0	0	0	0	0	0	0	0	0	0	20	0
ASV_556	0	0	0	0	0	0	0	0	0	18	0	0	0	0	0	0	0	0	0	0	0	0	0	0
ASV_557	0	0	0	0	35	0	29	17	4	23	0	0	0	0	0	0	0	0	0	0	0	0	0	0
ASV_558	0	0	0	0	47	25	30	49	0	0	17	18	0	0	0	0	0	0	0	0	0	0	0	0
ASV_559	0	0	0	5	39	0	41	0	0	31	0	0	14	3	0	8	0	0	0	0	0	0	0	0
ASV_560	0	0	18	0	0	0	0	0	0	0	0	0	0	0	0	0	0	0	0	0	0	0	0	0
ASV_561	0	0	10	0	0	0	0	0	0	0	0	0	0	0	0	0	0	0	0	0	0	0	0	0
ASV_562	23	0	0	0	0	0	0	0	0	0	0	0	0	0	0	0	0	0	0	0	0	0	0	0
ASV_563	0	0	0	19	0	0	28	14	0	0	0	0	0	0	0	0	0	0	0	0	0	0	0	0
ASV_564	0	0	0	0	0	0	0	0	0	0	0	0	0	0	0	0	0	0	0	0	0	15	0	5
ASV_565	0	0	0	0	0	4	0	15	0	4	0	0	0	12	0	0	0	14	0	8	0	25	55	248
ASV_566	0	0	0	0	0	0	0	0	0	0	0	0	0	0	0	0	0	0	17	0	0	0	0	0
ASV_567	0	0	0	0	0	0	0	0	0	0	0	0	0	0	0	0	0	18	0	0	0	0	0	17
ASV_568	0	0	0	0	26	0	0	0	0	0	0	55	41	14	169	14	0	0	0	0	0	0	0	0
ASV_569	0	0	0	0	0	0	0	15	0	26	8	0	0	19	0	0	0	0	0	0	0	0	0	0
ASV_570	0	0	0	0	0	0	0	0	0	0	0	0	10	0	0	0	0	0	0	0	0	0	0	0
ASV_571	0	0	0	0	0	0	0	0	0	0	0	0	0	0	0	0	0	0	0	11	0	0	0	0
ASV_572	0	0	0	0	0	0	0	0	0	0	0	28	0	0	35	0	0	0	0	0	0	0	0	0
ASV_573	0	0	0	0	0	0	0	0	0	0	0	0	35	0	0	39	0	0	0	0	0	0	0	0
ASV_574	0	0	0	0	0	0	0	0	0	53	0	0	0	0	0	0	0	0	0	0	0	0	0	0
ASV_575	0	0	0	0	0	37	58	0	35	114	36	57	0	37	0	0	0	0	0	0	0	0	0	0
ASV_576	62	47	53	0	0	0	0	0	0	0	0	0	0	0	0	0	0	0	0	0	0	0	0	0
ASV_577	40	68	106	0	0	0	0	31	0	0	0	0	0	0	0	0	0	0	0	0	0	0	0	0
ASV_578	0	0	0	0	0	0	0	0	0	37	0	0	0	0	0	0	0	0	0	0	0	0	0	0
ASV_579	0	0	0	0	0	0	0	0	0	0	0	0	26	0	0	0	0	0	0	0	0	0	0	0
ASV_580	0	0	0	0	54	0	0	0	0	0	0	0	0	0	0	0	0	0	0	0	0	0	0	0
ASV_581	0	45	32	52	0	0	0	0	0	0	0	0	0	0	0	0	0	0	0	0	0	0	0	0
ASV_582	0	0	37	0	0	0	0	0	0	0	0	0	0	0	0	30	0	0	0	0	0	0	0	0
ASV_583	0	0	0	0	0	0	0	0	0	0	0	0	0	50	0	0	0	0	0	0	0	0	0	0
ASV_584	0	0	0	0	0	0	0	56	47	0	0	0	0	0	0	0	0	0	0	0	0	0	0	0
ASV_585	0	0	0	0	0	0	0	0	0	0	0	0	12	0	0	0	0	0	0	0	0	0	0	0
ASV_586	0	0	0	0	0	0	0	0	0	0	0	0	0	17	0	0	0	0	0	0	0	0	0	0
ASV_587	0	0	0	0	12	0	0	0	0	0	0	0	0	0	0	0	0	0	0	0	0	0	0	0
ASV_588	0	0	0	0	0	0	0	0	0	0	0	0	0	0	0	0	0	20	0	0	0	0	0	0
ASV_589	0	0	0	0	0	0	0	0	0	0	0	0	0	0	11	0	0	0	0	0	0	0	0	0
ASV_590	0	0	0	0	0	0	0	0	0	0	0	0	18	0	0	0	0	0	0	0	0	0	0	0
ASV_591	0	0	0	0	0	0	0	0	0	18	0	0	0	0	0	0	0	0	0	0	0	0	0	0
ASV_592	0	0	0	0	0	0	0	20	0	0	0	0	0	0	0	0	0	0	0	0	0	0	0	0
ASV_593	0	0	0	0	0	0	0	14	0	0	0	0	0	0	0	0	0	0	0	0	0	0	0	0
ASV_594	0	0	0	0	0	0	0	0	0	0	13	0	0	0	0	0	0	0	0	0	0	0	0	0
ASV_595	0	0	0	0	0	0	0	0	0	0	0	0	0	0	0	0	0	0	0	0	0	0	0	10
ASV_596	0	0	0	0	0	10	0	0	0	0	0	0	0	0	0	0	0	0	0	0	0	0	0	0
ASV_597	0	0	0	0	0	0	0	0	0	0	0	0	0	0	0	0	12	0	0	0	0	0	0	0
ASV_598	0	0	0	0	0	0	0	0	0	0	0	0	0	0	0	0	12	0	0	0	0	0	0	0
ASV_599	0	0	0	0	0	0	0	0	0	0	0	0	0	0	0	0	0	0	0	17	0	0	0	0
ASV_600	0	0	0	0	0	0	0	0	0	0	0	0	0	0	0	0	13	0	0	0	0	0	0	0
ASV_601	0	0	0	0	0	0	0	0	0	0	10	0	0	0	0	0	0	0	0	0	0	0	0	0
ASV_602	0	0	0	0	0	0	23	12	0	11	0	12	0	0	17	0	0	0	0	0	0	0	0	0
ASV_603	33	0	45	0	50	0	0	18	26	35	30	0	0	0	37	0	0	0	0	0	0	0	0	0
ASV_604	0	0	0	0	0	0	0	0	0	0	0	0	0	0	0	0	0	0	0	0	10	0	0	0
ASV_605	0	0	0	0	0	0	0	0	0	0	0	0	48	0	0	0	0	0	0	0	0	0	0	0
ASV_606	0	0	0	13	42	47	54	60	32	53	42	38	0	49	0	45	0	0	0	0	0	0	0	0
ASV_607	19	30	39	0	59	43	21	72	63	80	51	20	21	59	26	0	0	0	0	0	0	0	0	0
ASV_608	0	0	0	0	0	0	0	0	0	0	11	0	0	0	0	0	0	0	0	0	0	0	0	0
ASV_609	0	0	0	0	0	0	0	0	0	0	0	0	0	0	0	0	0	0	0	0	10	0	0	0
ASV_610	0	0	0	0	0	0	0	0	0	0	0	0	0	0	0	0	0	0	0	0	0	927	873	0
ASV_611	0	0	0	0	0	0	0	0	0	0	0	0	0	0	0	0	0	0	0	0	0	0	650	0
ASV_612	0	0	0	0	0	0	28	0	0	0	0	0	10	0	0	0	0	8	0	0	0	3170	562	0
ASV_613	0	0	0	0	0	0	0	0	0	21	0	0	0	0	0	0	0	0	0	0	0	463	0	0
ASV_614	0	0	0	0	0	0	0	0	0	0	0	0	0	0	0	0	0	0	0	0	0	0	203	0
ASV_615	0	0	0	0	0	0	0	0	0	0	0	0	0	0	0	0	0	0	0	0	0	20	0	0
ASV_616	0	0	0	0	0	0	0	0	0	0	0	0	0	0	0	0	0	10	0	0	0	200	0	0
ASV_617	0	0	0	0	0	0	0	17	0	0	0	0	0	0	0	0	0	0	0	0	0	0	0	0
ASV_618	0	0	0	0	0	0	0	0	0	0	0	0	0	0	0	7	0	0	0	0	0	0	30	0
ASV_619	0	0	0	0	0	0	0	0	0	0	0	0	0	0	0	0	10	0	0	0	0	0	0	0
ASV_620	0	0	0	0	0	0	0	0	0	0	0	0	0	0	0	0	0	0	0	0	0	0	58	0
ASV_621	0	0	0	0	0	0	0	0	0	0	0	0	0	0	0	0	0	0	0	0	0	0	67	0
ASV_622	0	0	0	0	0	0	0	0	0	0	0	0	0	0	0	0	0	0	0	0	0	0	82	0
ASV_623	0	0	0	0	0	0	0	0	0	0	0	0	0	0	0	0	0	0	0	0	0	0	78	0
ASV_624	0	0	0	0	0	0	0	0	0	0	0	0	0	0	0	0	0	0	0	0	0	0	66	0
ASV_625	0	0	0	0	0	0	0	0	0	0	0	0	0	0	0	0	0	0	0	0	0	0	72	0
ASV_626	0	0	0	0	0	0	0	0	0	0	0	0	0	0	0	0	3212	5815	0	9397	0	125	0	124
ASV_627	0	0	0	0	0	0	0	0	0	0	0	0	0	0	0	0	2357	3844	0	6092	0	76	0	0
ASV_628	0	0	0	0	0	0	0	0	0	0	0	0	0	0	0	0	1191	1972	0	3069	0	40	0	45
ASV_629	0	0	0	0	0	0	0	0	0	0	0	0	0	0	0	0	1135	2045	0	3003	0	51	0	0
ASV_630	0	112	0	0	0	0	0	0	0	0	0	0	0	0	0	0	1011	0	0	0	89	73	76	51
ASV_631	0	31	978	115	0	0	0	23	0	88	0	0	0	0	0	77	3437	0	0	0	2393	270	56	373
ASV_632	0	0	0	0	0	0	0	0	0	0	0	0	0	0	0	0	48	0	0	0	0	0	0	0
ASV_633	0	140	0	0	0	0	0	0	0	0	0	0	0	0	0	0	0	0	0	0	0	0	0	0
ASV_634	0	348	5885	26	0	0	7	15	0	0	0	0	19	0	41	104	5856	120	0	0	4733	712	167	176
ASV_635	0	0	0	0	0	0	0	0	0	0	0	0	0	0	0	0	0	0	0	0	324	0	0	0
ASV_636	0	46	0	0	0	0	0	0	0	0	0	0	0	0	0	0	0	0	0	0	0	0	0	0
ASV_637	0	0	0	0	0	0	0	0	0	12	0	0	0	0	0	0	0	0	0	0	0	0	0	0
ASV_638	57	0	50	15	0	0	0	0	0	0	0	0	5	0	0	22	0	0	0	0	0	0	0	0
ASV_639	0	0	0	0	0	0	0	0	0	78	0	0	0	0	0	0	0	0	0	0	0	0	0	0
ASV_640	0	0	0	0	0	0	0	0	0	0	0	20	0	0	0	0	0	0	0	0	0	0	0	0
ASV_641	0	0	0	0	0	0	0	0	0	0	0	48	0	0	0	0	0	0	0	0	0	0	0	0
ASV_642	0	0	0	0	0	0	0	0	0	0	0	0	0	0	15	0	0	0	0	0	0	0	0	0
ASV_643	0	0	0	0	13	0	0	0	0	0	0	0	0	0	0	0	0	0	0	0	0	0	0	0
ASV_644	0	0	0	0	0	0	0	0	0	0	25	0	0	0	0	0	0	0	0	0	0	0	0	0
ASV_645	0	0	0	0	0	0	0	0	0	16	0	0	0	0	0	0	0	0	0	0	0	0	0	0
ASV_646	0	0	0	0	0	0	0	0	0	0	0	0	0	13	0	0	0	0	0	0	0	0	0	0
ASV_647	0	0	0	0	0	0	0	0	0	0	0	0	0	0	0	0	0	0	0	10	0	0	0	0
ASV_648	0	0	0	0	0	0	0	0	0	0	0	0	0	0	0	0	0	0	0	0	0	0	22	0
ASV_649	0	0	0	0	0	0	0	0	0	0	0	0	0	0	0	0	0	0	0	0	0	0	0	11
ASV_650	0	0	0	0	7	0	0	0	0	14	0	109	2072	53	3685	18	0	0	0	16	0	79	585	9621
ASV_651	0	0	0	0	0	0	0	0	0	0	0	0	10	0	0	0	0	0	0	0	0	0	0	0
ASV_652	0	0	0	0	0	0	0	0	0	0	0	0	75	0	0	0	0	0	0	0	0	0	0	0
ASV_653	0	0	0	0	0	0	0	0	0	0	0	0	0	0	11	0	0	0	0	0	0	0	0	72
ASV_654	3	0	3	0	22	22	177	81	359	28	674	210	2979	1262	610	306	0	0	0	0	151	0	0	0
ASV_655	0	0	0	0	0	0	0	0	0	0	37	0	628	83	0	0	0	0	0	0	0	0	0	0
ASV_656	0	0	0	0	0	0	0	26	0	0	0	0	0	0	0	0	0	0	0	0	0	0	0	0
ASV_657	0	0	0	0	0	0	11	0	0	0	0	14	0	0	16	0	0	0	0	0	0	12	85	919
ASV_658	0	0	0	0	0	0	15	0	0	0	0	0	0	0	0	0	0	0	0	0	0	17	0	0
ASV_659	0	0	0	0	0	0	0	0	0	0	0	28	0	0	0	10	0	0	0	0	0	0	1007	312
ASV_660	0	0	0	0	0	0	0	0	0	0	0	0	44	11	0	0	0	0	0	0	14	0	192	119
ASV_661	0	0	0	0	0	0	1105	0	0	0	52	202	0	0	0	0	0	0	0	0	0	114	93	0
ASV_662	0	0	0	0	0	0	0	0	0	0	0	21	0	0	0	0	0	0	0	0	0	0	0	0
ASV_663	0	0	0	0	0	0	12	0	0	0	0	0	0	0	0	0	0	0	0	0	0	0	0	0
ASV_664	0	0	0	0	0	0	0	0	0	0	0	0	0	0	21	0	0	0	0	0	0	0	0	0
ASV_665	0	0	0	0	0	0	0	0	0	0	0	0	10	0	0	0	0	0	0	0	0	0	0	0
ASV_666	0	0	0	0	0	0	0	0	0	0	0	0	0	10	0	0	0	0	0	0	0	0	0	18
ASV_667	0	0	0	0	0	0	11	0	0	0	0	0	0	0	0	0	0	0	0	0	0	0	0	0
ASV_668	0	0	0	0	0	0	0	0	0	0	0	24	0	29	0	51	0	0	0	0	0	0	0	1901
ASV_669	0	0	0	0	0	0	0	0	0	0	0	0	0	0	0	0	0	0	0	0	0	0	33	0
ASV_670	0	0	0	0	0	0	14	0	0	0	0	0	0	0	0	0	0	0	0	0	0	0	0	0
ASV_671	0	0	0	0	0	0	0	8	0	0	0	0	0	0	0	0	0	0	0	0	0	32	0	0
ASV_672	0	0	0	0	0	0	0	0	0	0	0	0	0	0	13	0	0	0	0	0	0	0	0	0
ASV_673	0	0	0	0	0	0	0	0	0	0	0	0	12	0	0	0	0	0	0	0	0	0	0	0
ASV_674	0	0	0	0	0	0	0	0	0	18	0	0	0	0	0	0	0	0	0	0	0	0	0	0
ASV_675	0	0	0	0	0	0	0	0	0	0	0	0	13	0	0	0	0	0	0	0	0	0	0	0
ASV_676	0	0	0	0	0	0	0	0	0	0	11	0	0	0	0	0	0	0	0	0	0	0	0	0
ASV_677	0	0	0	0	0	0	0	0	0	0	0	0	0	26	0	0	0	0	0	0	0	0	0	0
ASV_678	0	0	0	0	0	0	0	0	0	0	0	0	24	0	0	0	0	0	0	0	0	0	0	0
ASV_679	0	0	0	0	0	0	0	0	0	0	0	0	23	0	0	0	0	0	0	0	0	0	0	0
ASV_680	0	0	0	0	0	0	0	0	0	23	0	0	0	0	0	0	0	0	0	0	0	0	0	0
ASV_681	0	0	0	0	13	0	0	0	0	0	0	0	0	0	0	0	0	0	0	0	0	0	0	0
ASV_682	0	0	0	0	0	0	0	0	64	0	0	0	0	0	0	0	0	0	0	0	0	0	0	0
ASV_683	0	0	0	0	0	0	0	0	0	0	0	0	0	49	0	0	0	0	0	0	0	0	0	0
ASV_684	0	0	0	0	0	0	0	0	0	126	0	0	0	0	0	0	0	0	0	0	0	0	0	0
ASV_685	0	0	0	0	0	0	0	0	0	0	0	0	35	0	0	0	0	0	0	0	0	0	0	0
ASV_686	0	0	0	0	0	30	0	0	0	0	0	0	0	38	0	0	0	0	0	0	0	0	0	0
ASV_687	0	0	0	0	0	0	0	0	53	0	0	0	0	0	0	0	0	0	0	0	0	0	0	0
ASV_688	0	0	0	0	0	0	25	0	0	0	0	0	0	0	0	0	0	0	0	0	0	0	0	0
ASV_689	0	0	0	0	11	0	0	0	0	0	0	0	0	0	0	0	0	0	0	0	0	0	0	0
ASV_690	41	0	121	0	0	0	0	0	0	0	0	0	0	0	0	0	0	0	0	0	0	0	0	0
ASV_691	0	51	0	0	0	0	0	0	0	0	0	0	0	0	0	0	0	0	0	0	0	0	0	0
ASV_692	0	0	0	44	0	0	0	0	0	0	0	0	0	0	0	0	0	0	0	0	0	0	0	0
ASV_693	0	0	0	0	0	0	0	0	0	0	0	40	0	0	0	0	0	0	0	0	0	0	0	0
ASV_694	0	0	0	0	0	0	0	0	24	0	0	0	0	0	0	0	0	0	0	0	0	0	0	0
ASV_695	0	0	0	0	0	0	0	0	0	0	74	0	0	0	0	0	0	0	0	0	0	0	0	0
ASV_696	0	0	0	0	0	0	0	53	0	0	0	0	0	0	45	0	0	0	0	0	0	0	0	0
ASV_697	0	56	0	0	0	0	0	0	0	0	0	0	0	0	0	0	0	0	0	0	0	0	0	0
ASV_698	0	0	0	0	0	0	0	0	0	0	0	0	0	0	0	18	0	0	0	0	0	0	0	0
ASV_699	0	0	0	0	0	0	0	27	0	0	0	0	0	0	0	0	0	0	0	0	0	0	0	0
ASV_700	0	0	0	0	0	0	10	0	0	0	0	0	0	0	0	0	0	0	0	0	0	0	0	0
ASV_701	0	0	0	0	0	0	0	0	20	0	0	0	0	0	0	0	0	0	0	0	0	0	0	0
ASV_702	0	0	0	0	0	0	0	0	0	0	16	0	0	0	0	0	0	0	0	0	0	0	0	0
ASV_703	0	0	0	0	0	0	0	0	0	0	10	0	0	0	0	0	0	0	0	0	0	0	0	0
ASV_704	0	0	0	0	0	0	0	0	0	13	0	0	0	0	0	0	0	0	0	0	0	0	0	0
ASV_705	0	0	11	0	0	0	0	0	0	0	0	0	0	0	0	0	0	0	0	0	0	0	0	0
ASV_706	0	0	0	0	0	0	0	0	0	0	18	0	0	0	0	0	0	0	0	0	0	0	0	0
ASV_707	0	0	0	0	0	0	0	23	0	0	0	0	0	0	0	0	0	0	0	0	0	0	0	0
ASV_708	0	0	0	0	0	0	0	0	0	15	0	0	0	0	0	0	0	0	0	0	0	0	0	0
ASV_709	0	17	0	0	0	0	17	0	0	0	0	0	0	0	0	0	0	0	0	0	0	0	0	0
ASV_710	0	0	0	0	0	24	0	0	0	0	0	0	0	0	0	0	0	0	0	0	0	0	0	0
ASV_711	0	0	0	0	16	0	0	0	0	0	0	0	0	0	0	0	0	0	0	0	0	0	0	0
ASV_712	0	0	0	0	0	0	0	0	0	0	0	0	10	0	0	0	0	0	0	0	0	0	0	0
ASV_713	0	0	0	0	0	0	0	0	24	0	0	0	0	0	0	0	0	0	0	0	0	0	0	0
ASV_714	0	0	21	0	0	0	0	0	0	16	0	0	0	0	0	0	0	0	0	0	0	0	0	0
ASV_715	0	0	0	0	0	0	0	0	0	0	54	0	0	0	0	0	0	0	0	0	0	0	0	0
ASV_716	0	0	0	0	0	0	24	0	0	0	0	0	0	0	0	0	0	0	0	0	0	0	0	0
ASV_717	0	0	0	0	0	0	0	0	0	0	0	0	0	35	0	0	0	0	0	0	0	0	0	0
ASV_718	0	0	0	0	15	0	0	0	0	0	0	0	0	0	0	0	0	0	0	0	0	0	0	0
ASV_719	0	0	0	0	0	0	0	0	0	15	0	0	0	0	0	0	0	0	0	0	0	0	0	0
ASV_720	0	0	0	0	0	0	0	0	37	0	0	12	0	0	0	0	0	0	0	0	0	0	0	0
ASV_721	0	0	0	0	0	0	0	39	0	0	0	0	0	0	0	0	0	0	0	0	0	0	0	0
ASV_722	0	0	0	0	0	0	0	0	0	0	0	0	17	0	0	0	0	0	0	0	0	0	0	0
ASV_723	0	0	0	0	0	0	0	0	0	0	0	0	0	0	20	0	0	0	0	0	0	0	0	0
ASV_724	0	0	0	0	0	0	0	0	0	0	0	0	16	0	0	0	0	0	0	0	0	0	0	0
ASV_725	0	31	20	0	0	7	0	24	64	0	39	0	0	29	0	0	0	0	0	0	0	0	0	0
ASV_726	0	0	0	0	0	0	0	0	0	0	20	0	0	0	0	0	0	0	0	0	0	0	0	0
ASV_727	0	0	0	0	0	0	16	0	0	0	0	0	0	0	0	0	0	0	0	0	0	0	0	0
ASV_728	0	0	0	0	0	0	0	0	61	0	0	0	0	0	0	0	0	0	0	0	0	0	0	0
ASV_729	0	0	0	0	0	0	0	0	0	0	0	0	0	21	0	0	0	0	0	0	0	0	0	0
ASV_730	0	14	0	0	0	0	0	0	0	0	0	0	0	0	0	0	0	0	0	0	0	0	0	0
ASV_731	0	0	0	0	0	0	0	0	0	0	20	0	0	0	0	0	0	0	0	0	0	0	0	0
ASV_732	0	0	15	0	0	0	0	0	0	0	0	0	0	0	0	0	0	0	0	0	0	0	0	0
ASV_733	0	0	0	0	0	0	0	0	0	0	15	0	0	11	0	0	0	0	0	0	0	0	0	0
ASV_734	0	0	0	0	0	0	0	13	0	0	0	0	0	0	0	0	0	0	0	0	0	0	0	0
ASV_735	0	0	0	0	0	0	0	0	12	0	0	0	0	0	0	0	0	0	0	0	0	0	0	0
ASV_736	0	0	0	0	0	0	0	0	0	0	0	0	0	15	0	0	0	0	0	0	0	0	0	0
ASV_737	0	0	0	0	0	0	0	0	0	0	0	0	0	0	0	11	0	0	0	0	0	0	0	0
ASV_738	20	27	53	0	0	0	0	0	0	0	0	0	0	0	0	0	0	0	0	0	0	0	0	0
ASV_739	0	0	0	0	0	0	0	0	0	0	32	0	0	0	0	0	0	0	0	0	0	0	0	0
ASV_740	0	0	0	14	0	20	0	37	0	11	0	0	0	0	0	0	0	0	0	0	0	0	0	0
ASV_741	0	0	0	0	0	0	0	0	35	0	0	0	0	0	0	0	0	0	0	0	0	0	0	0
ASV_742	0	0	26	0	0	0	0	0	0	0	0	0	0	0	0	0	0	0	0	0	0	0	0	0
ASV_743	0	28	0	0	0	0	0	0	0	0	0	0	0	0	0	0	0	0	0	0	0	0	0	0
ASV_744	0	0	0	0	0	0	0	0	0	0	0	0	11	0	0	0	0	0	0	0	0	0	0	0
ASV_745	0	0	0	0	0	0	0	0	49	0	32	0	0	0	0	0	0	0	0	0	0	0	0	0
ASV_746	0	0	0	0	0	0	0	0	0	0	0	0	17	0	0	0	0	0	0	0	0	0	0	0
ASV_747	0	0	0	0	0	11	0	0	0	0	0	0	0	0	0	0	0	0	0	0	0	0	0	0
ASV_748	0	13	0	0	0	0	0	0	0	0	0	0	0	0	0	0	0	0	0	0	0	0	0	0
ASV_749	0	0	0	0	0	0	0	0	0	0	0	0	0	0	0	11	0	0	0	0	0	0	0	0
ASV_750	0	0	0	0	0	0	0	0	0	18	0	0	0	0	0	0	0	0	0	0	0	0	0	0
ASV_751	24	33	0	0	0	0	0	0	0	0	0	0	0	0	0	0	0	0	0	0	0	0	0	0
ASV_752	0	0	39	14	42	0	40	0	0	0	0	0	0	0	0	0	0	0	0	0	0	0	0	0
ASV_753	0	0	0	0	0	0	0	0	0	0	0	0	0	0	0	11	0	0	0	0	0	0	0	0
ASV_754	0	0	0	0	0	29	0	0	0	51	0	39	0	68	0	0	0	0	0	0	0	0	0	0
ASV_755	0	0	0	0	0	0	0	39	53	0	49	0	0	0	0	0	0	0	0	0	0	0	0	0
ASV_756	0	28	0	0	0	0	0	37	0	0	42	0	0	0	0	0	0	0	0	0	0	0	0	0
ASV_757	0	0	0	0	0	0	0	34	0	0	0	0	0	0	0	0	0	0	0	0	0	0	0	0
ASV_758	17	0	0	0	0	0	0	0	0	0	0	0	0	0	0	0	0	0	0	0	0	0	0	0
ASV_759	0	0	0	0	0	0	0	0	0	0	0	0	0	0	0	17	0	0	0	0	0	0	0	0
ASV_760	0	0	0	0	0	0	0	0	0	55	0	0	39	0	0	0	0	0	0	0	0	0	0	0
ASV_761	0	0	0	0	20	0	0	0	0	0	0	0	0	0	0	0	0	0	0	0	0	0	0	0
ASV_762	0	0	0	0	0	0	0	0	0	0	27	0	0	0	0	0	0	0	0	0	0	0	0	0
ASV_763	0	0	0	0	0	0	0	0	0	22	0	0	0	0	0	0	0	0	0	0	0	0	0	0
ASV_764	0	0	0	0	0	40	50	0	61	0	0	0	0	0	0	0	0	0	0	0	0	0	0	0
ASV_765	0	0	0	0	0	0	0	0	0	0	0	0	0	0	17	0	0	0	0	0	0	0	0	0
ASV_766	0	0	0	0	0	0	0	15	0	0	0	0	0	0	0	0	0	0	0	0	0	0	0	0
ASV_767	0	0	50	0	0	0	0	0	0	0	0	0	0	0	0	0	0	0	0	0	0	0	0	0
ASV_768	0	0	0	0	0	0	12	0	0	0	0	0	0	0	0	0	0	0	0	0	0	0	0	0
ASV_769	0	0	0	0	0	0	0	0	23	0	0	0	0	0	0	0	0	0	0	0	0	0	0	0
ASV_770	0	0	0	0	0	0	13	0	0	0	0	0	0	0	0	0	0	0	0	0	0	0	0	0
ASV_771	0	0	0	0	0	0	0	0	0	19	0	0	0	0	0	0	0	0	0	0	0	0	0	0
ASV_772	0	0	0	0	0	0	0	0	0	0	0	0	0	27	0	0	0	0	0	0	0	0	0	0
ASV_773	0	0	0	0	0	0	0	0	30	0	0	0	0	0	0	0	0	0	0	0	0	0	0	0
ASV_774	0	0	0	0	0	0	0	13	0	0	0	0	0	0	0	0	0	0	0	0	0	0	0	0
ASV_775	0	0	27	0	0	0	0	0	0	0	0	0	0	0	0	0	0	0	0	0	0	0	0	0
ASV_776	0	0	0	0	0	0	0	0	0	0	0	0	19	0	0	0	0	0	0	0	0	0	0	0
ASV_777	0	0	0	0	0	0	0	0	0	0	15	0	0	0	0	0	0	0	0	0	0	0	0	0
ASV_778	0	0	0	0	0	0	0	21	0	0	0	0	0	0	0	0	0	0	0	0	0	0	0	0
ASV_779	0	0	0	0	12	0	0	0	0	0	0	0	0	0	0	0	0	0	0	0	0	0	0	0
ASV_780	0	0	0	0	0	0	0	0	0	0	0	0	0	0	20	0	0	0	0	0	0	0	0	0
ASV_781	0	0	0	0	0	0	0	0	0	0	0	0	0	0	0	0	20	0	0	0	0	0	0	0
ASV_782	0	0	0	0	0	0	0	0	22	0	0	0	0	0	0	0	0	0	0	0	0	0	0	0
ASV_783	0	0	0	0	0	0	0	0	0	0	0	0	0	0	0	0	0	0	25	0	0	0	0	0
ASV_784	0	0	0	0	0	0	0	0	0	16	0	0	0	0	0	0	0	0	0	0	0	0	0	0
ASV_785	0	0	0	0	0	0	0	0	0	0	0	0	0	0	0	0	0	0	0	32	0	0	0	0
ASV_786	0	0	0	0	0	0	0	0	0	0	0	0	0	0	0	0	15	0	0	0	0	0	0	0
ASV_787	0	0	0	0	0	0	0	0	0	0	10	0	0	0	0	0	0	0	0	0	0	0	0	0
ASV_788	0	0	0	0	0	0	0	0	0	21	0	0	0	0	0	0	0	0	0	0	0	0	0	0
ASV_789	0	0	0	0	0	0	0	0	11	0	0	0	0	0	0	0	0	0	0	0	0	0	0	0
ASV_790	0	0	0	0	0	0	0	0	0	0	0	0	6	0	0	7	0	0	0	0	0	0	0	0
ASV_791	0	0	0	0	0	0	0	0	0	0	0	0	0	0	0	0	0	0	0	0	0	0	0	10
ASV_792	0	0	0	0	0	0	0	0	0	7	0	0	0	0	0	0	0	0	0	0	7	11	0	0
ASV_793	0	0	0	0	0	0	0	0	0	0	0	0	0	0	0	0	0	14	0	0	0	0	0	0
ASV_794	0	0	0	0	0	0	0	0	0	0	0	16	0	0	0	0	0	0	0	0	0	0	0	0
ASV_795	0	0	0	0	0	0	0	20	0	0	0	0	0	0	0	0	0	0	0	0	0	0	0	0
ASV_796	0	0	0	0	0	0	0	0	0	0	0	0	0	0	0	0	0	0	0	0	27	0	0	0
ASV_797	0	0	0	0	0	0	28	0	0	0	0	0	0	0	0	0	0	0	0	0	0	0	0	0
ASV_798	0	0	0	0	0	0	0	0	7	0	0	0	18	0	0	0	0	0	0	0	0	0	0	0
ASV_799	0	0	0	0	0	0	0	0	0	0	0	0	0	0	14	0	0	0	0	0	0	0	0	0
ASV_800	10	25	0	0	0	22	21	32	45	0	27	0	20	0	14	0	0	0	0	0	0	0	0	0
ASV_801	0	0	0	0	0	0	22	0	0	0	0	0	0	0	0	0	0	0	0	0	0	0	0	0
ASV_802	0	0	22	0	26	0	0	26	36	10	0	0	0	23	0	0	0	0	0	0	0	0	0	0
ASV_803	0	0	0	0	0	9	0	0	12	0	0	0	0	9	0	0	0	0	0	0	0	0	0	0
ASV_804	0	35	0	0	0	0	0	0	0	0	0	0	0	0	0	0	0	0	0	0	0	0	0	0
ASV_805	0	0	0	256	0	0	50	0	0	0	0	0	0	0	0	0	0	0	0	0	0	0	0	0
ASV_806	103	192	0	0	0	0	0	0	0	0	0	0	0	0	0	0	0	0	0	0	0	0	0	0
ASV_807	0	0	0	0	0	0	0	0	0	0	19	0	0	0	0	0	0	0	0	0	0	0	0	0
ASV_808	0	0	0	0	0	0	0	0	0	0	0	0	0	0	0	0	0	46	0	0	0	0	0	0
ASV_809	2826	4142	1165	2309	593	438	1444	685	1174	247	2426	520	403	1437	544	104	72	1385	1254	411	81	0	34	0
ASV_810	120	290	213	239	126	947	122	200	166	0	523	0	63	410	0	0	44	769	371	146	0	240	0	0
ASV_811	0	0	0	0	156	0	0	0	540	0	0	0	0	0	0	0	0	0	85	0	0	0	0	0
ASV_812	0	0	0	119	0	0	0	0	0	0	0	0	0	0	0	0	0	0	0	0	0	0	0	0
ASV_813	4998	9501	6456	9749	3687	2255	1226	1968	1618	516	514	1155	1913	2319	724	513	84	4386	1325	389	139	1043	232	310
ASV_814	0	0	0	0	44	0	0	0	0	0	0	0	0	0	0	0	0	0	0	0	0	0	0	0
ASV_815	21	36	34	0	0	0	0	0	0	0	0	0	0	0	0	0	0	0	0	0	0	0	0	0
ASV_816	0	0	82	0	0	0	0	0	0	0	0	0	0	0	0	0	0	0	0	0	0	0	0	0
ASV_817	0	0	0	0	0	0	0	0	0	0	0	0	0	0	0	0	0	137	0	0	0	0	0	0
ASV_818	0	0	0	0	0	0	0	0	0	0	0	0	0	0	80	0	0	0	0	0	0	0	0	0
ASV_819	0	557	0	91	0	119	0	0	0	0	0	0	0	0	0	0	0	63	600	0	0	0	0	0
ASV_820	0	0	0	17	0	0	0	0	0	0	0	0	0	0	0	0	0	0	0	0	0	0	0	0
ASV_821	0	0	0	0	0	0	0	0	72	0	0	0	0	0	0	0	0	0	0	0	0	0	0	0
ASV_822	0	0	0	0	51	366	45	0	2349	0	0	0	0	0	0	0	0	247	683	50	0	0	0	0
ASV_823	0	0	0	0	0	0	0	0	0	0	0	0	0	0	0	0	0	0	310	0	0	0	0	0
ASV_824	0	0	0	0	0	0	0	0	0	0	90	61	0	236	0	0	0	0	159	0	0	0	0	0
ASV_825	0	176	0	0	0	0	0	0	0	0	0	0	0	0	0	0	0	0	0	0	0	0	0	0
ASV_826	3060	4789	5544	4015	3919	5339	1718	3225	11046	2302	6086	1908	1273	3292	2414	490	374	7680	9551	4004	111	701	222	109
ASV_827	0	0	0	0	141	0	0	0	91	0	0	0	0	0	113	0	0	139	0	0	0	0	0	0
ASV_828	0	0	0	0	122	0	0	0	0	0	0	0	0	0	0	0	0	0	0	0	0	0	0	0
ASV_829	0	0	0	0	0	0	0	130	0	0	0	0	0	0	0	0	0	200	106	0	0	0	0	0
ASV_830	0	0	0	0	0	0	0	0	0	0	0	0	13	0	0	0	0	0	0	0	0	0	0	0
ASV_831	0	0	0	0	0	0	11	0	0	0	0	0	0	0	0	0	0	0	0	0	0	0	0	0
ASV_832	0	0	0	0	0	0	0	0	0	16	0	0	0	0	0	0	0	0	0	0	0	0	0	0
ASV_833	30	0	41	0	0	0	0	0	0	0	0	0	0	0	0	0	0	0	0	0	0	0	0	0
ASV_834	0	67	0	0	0	0	0	0	0	0	0	0	0	39	0	0	0	0	0	0	0	0	0	0
ASV_835	0	0	24	0	0	0	0	8	0	0	27	0	0	0	0	0	0	0	0	0	0	0	0	0
ASV_836	0	0	0	0	0	16	0	0	0	0	0	0	0	0	0	0	0	0	0	0	0	0	0	0
ASV_837	0	0	0	0	0	0	12	0	0	0	0	0	0	0	0	0	0	0	0	0	0	0	0	0
ASV_838	0	0	0	0	0	0	0	0	33	0	0	0	0	0	0	0	0	0	0	0	0	0	0	0
ASV_839	0	0	0	0	0	0	0	0	0	0	0	0	0	0	0	0	0	10	0	0	0	0	0	0
ASV_840	0	0	0	0	0	0	0	0	0	0	0	0	0	0	0	0	0	0	0	23	0	0	0	0
ASV_841	0	0	0	0	0	0	0	0	0	0	0	0	0	0	0	0	0	0	16	0	0	0	0	0
ASV_842	0	0	0	0	21	0	0	0	0	0	0	0	0	0	0	0	0	0	0	0	0	0	0	0
ASV_843	0	0	0	0	0	0	0	0	0	0	11	0	0	0	0	0	0	0	0	0	0	0	0	0
ASV_844	0	0	0	0	0	0	0	0	0	0	0	0	0	26	0	0	0	0	0	0	0	0	0	0
ASV_845	0	0	0	0	11	0	0	0	0	0	0	0	0	0	0	0	0	0	0	0	0	0	0	0
ASV_846	0	0	0	0	0	0	0	0	0	44	0	0	0	0	0	0	0	0	0	0	0	0	0	0
ASV_847	0	0	0	0	0	0	0	0	0	0	0	0	0	10	0	0	0	0	0	0	0	0	0	0
ASV_848	0	0	0	0	0	0	0	0	0	0	0	0	0	0	37	0	0	0	0	0	0	0	0	0
ASV_849	0	0	0	0	0	0	0	0	0	0	0	0	0	0	0	0	0	0	0	0	0	0	0	206
ASV_850	0	0	0	0	0	0	0	0	0	0	0	0	0	0	0	0	0	0	0	0	0	0	88	0
ASV_851	0	0	0	0	0	0	0	0	0	0	0	0	0	0	0	0	0	0	0	0	0	0	44	0
ASV_852	0	0	0	38	669	576	1004	186	103	77	195	1044	65	86	215	95	0	124	104	7	0	837	32	722
ASV_853	0	0	0	0	0	0	0	0	0	0	0	0	13	0	0	0	0	0	0	0	0	0	0	0
ASV_854	0	0	0	0	0	0	0	0	0	0	0	0	48	0	0	0	0	0	0	0	0	0	83	84
ASV_855	0	0	0	0	0	0	0	0	0	0	0	0	0	0	0	0	0	0	0	0	0	84	0	0
ASV_856	0	0	0	0	0	0	0	0	0	0	0	0	0	0	0	0	0	0	0	0	0	42	0	0
ASV_857	0	0	0	0	1588	146	700	563	75	2170	369	1153	260	382	721	228	2569	2256	4113	113	667	4921	5068	2273
ASV_858	0	0	0	0	0	0	0	0	0	20	0	0	0	0	0	0	0	0	30	0	0	0	0	0
ASV_859	44	47	84	51	1919	154	1065	620	253	986	550	738	454	764	1105	540	2575	1231	3828	238	889	4984	5565	3058
ASV_860	0	0	0	0	0	0	0	0	0	0	0	0	0	0	0	0	0	0	0	0	0	0	113	0
ASV_861	0	0	0	0	0	0	0	0	0	0	0	0	0	0	0	0	0	0	0	0	58	0	0	0
ASV_862	0	0	0	0	0	0	0	0	0	150	0	0	0	0	0	0	42	0	0	0	0	0	403	0
ASV_863	0	0	0	0	0	0	0	0	0	67	0	0	0	0	0	0	0	0	0	0	0	0	94	0
ASV_864	0	0	0	0	873	0	61	0	0	0	0	0	0	0	0	199	0	0	0	19	0	1029	53	222
ASV_865	0	0	0	0	100	0	0	0	0	0	0	0	0	0	0	0	0	0	0	0	0	434	0	0
ASV_866	0	0	0	0	0	0	7	0	0	0	0	8	0	0	0	0	0	0	0	0	0	30	40	0
ASV_867	0	0	0	0	0	0	0	0	0	0	0	0	0	0	0	0	0	0	0	0	0	0	14	0
ASV_868	0	4	0	0	0	0	0	67	0	0	0	0	0	0	0	0	24	0	0	0	3264	6208	29	25
ASV_869	0	0	0	0	0	0	0	0	0	71	0	0	0	0	0	0	0	0	0	0	0	0	0	0
ASV_870	0	0	0	0	0	0	0	0	0	0	0	0	0	0	0	0	0	0	0	0	0	0	147	0
ASV_871	0	0	0	0	0	0	0	0	0	85	0	0	0	0	0	0	0	0	0	0	0	0	930	0
ASV_872	0	0	0	0	0	0	0	0	0	0	0	0	0	0	0	0	27	0	0	0	0	0	0	0
ASV_873	0	0	0	0	0	0	0	0	0	0	0	0	0	0	0	0	840	26363	40	4815	0	1423	0	596
ASV_874	0	0	0	0	42	0	0	0	0	0	0	0	0	0	0	0	100	205	0	7214	0	762	0	215
ASV_875	0	0	0	0	0	0	0	0	0	0	0	0	11	0	0	0	35	1983	0	1220	0	581	0	50
ASV_876	0	0	0	0	0	0	0	0	0	0	0	0	0	0	0	0	527	5430	0	8791	0	524	0	591
ASV_877	0	0	0	0	0	0	83	50	0	0	0	0	221	0	0	0	0	0	0	0	0	0	0	0
ASV_878	0	0	0	0	0	0	0	18	0	0	0	0	60	0	0	0	0	0	0	0	0	0	0	0
ASV_879	0	0	0	0	0	0	0	0	0	0	0	0	0	0	0	0	0	0	0	0	0	0	84	0
ASV_880	0	0	0	0	0	0	0	0	0	0	0	0	0	0	0	0	0	0	46	0	0	0	0	0
ASV_881	0	0	0	0	0	0	0	0	0	0	0	0	0	0	0	0	0	144	0	0	0	407	0	0
ASV_882	0	0	0	0	0	0	0	0	0	0	0	0	0	0	0	0	0	69	1337	0	0	222	0	0
ASV_883	0	0	0	0	0	0	0	0	0	0	0	0	0	0	0	0	0	0	0	0	0	0	0	35
ASV_884	0	0	0	0	0	0	0	0	0	0	0	0	0	0	73	0	0	0	0	0	0	0	0	0
ASV_885	0	0	0	0	0	0	0	0	0	0	0	0	0	0	0	0	0	0	45	0	0	0	0	0
ASV_886	0	0	0	0	0	0	0	0	0	0	0	0	107	0	0	0	0	0	0	0	0	0	0	144
ASV_887	0	0	0	0	0	0	824	0	0	0	47	0	0	0	0	0	80	464	0	206	0	2067	484	0
ASV_888	0	0	0	0	0	0	0	0	0	0	0	0	139	0	0	0	0	0	0	0	0	0	0	0
ASV_889	123	300	80	11	20730	1336	10175	1872	563	2425	993	6389	13249	6919	28599	19096	12613	5636	121662	54550	7672	78088	46614	61019
ASV_890	0	0	0	0	0	0	0	0	0	0	0	0	134	0	0	143	0	0	0	0	0	0	0	201
ASV_891	0	0	0	0	0	0	0	0	0	0	0	0	0	0	0	0	0	0	0	0	0	0	0	52
ASV_892	0	0	0	0	732	0	0	0	0	74	0	0	223	0	0	80	0	0	0	157	0	745	483	212
ASV_893	0	0	0	0	0	0	0	0	0	0	0	0	65	0	0	0	0	0	0	757	0	0	0	393
ASV_894	0	0	0	0	0	0	0	0	0	0	0	0	39	0	0	0	0	0	0	0	0	0	0	0
ASV_895	0	0	0	0	42	0	0	0	0	0	0	0	0	0	58	32	0	0	0	0	0	0	0	0
ASV_896	0	0	0	0	0	0	0	0	0	0	0	0	15	0	0	0	0	0	0	0	0	0	0	0
ASV_897	0	0	0	0	43	0	31	0	0	0	0	0	28	24	32	17	0	0	0	0	0	0	0	0
ASV_898	0	0	0	0	44	0	30	0	0	20	0	0	36	28	48	0	0	0	0	0	0	0	0	0
ASV_899	0	0	0	0	0	0	0	0	0	0	0	0	0	0	0	1579	968	0	0	4667	0	0	0	987
ASV_900	0	0	0	0	0	0	0	0	0	0	0	0	273	268	170	266	0	0	0	0	0	286	0	427
ASV_901	0	0	0	0	0	0	0	0	0	0	0	0	0	0	0	95	0	0	0	0	0	0	0	67
ASV_902	0	0	0	0	0	0	0	0	0	0	0	0	0	0	0	24	0	0	0	0	0	0	0	0
ASV_903	0	0	0	0	0	0	0	0	0	0	0	0	0	0	0	87	0	0	0	0	0	0	0	0
ASV_904	0	0	0	0	37	0	324	0	0	0	20	0	0	0	0	0	0	6063	25	47	0	249	0	0
ASV_905	0	0	0	0	0	0	0	11	0	9	0	0	0	0	0	0	0	0	0	0	0	0	0	0
ASV_906	0	0	0	0	0	0	0	0	0	0	0	0	0	0	0	0	0	11	0	0	0	0	0	0
ASV_907	0	0	0	0	0	0	0	0	0	0	0	0	0	0	0	0	0	0	40	0	0	0	0	0
ASV_908	0	0	0	0	0	0	0	0	0	0	0	0	0	0	0	0	0	0	0	11	0	0	0	0
ASV_909	0	0	0	0	0	0	0	0	0	0	0	0	0	0	0	0	20	0	0	0	0	0	0	0
ASV_910	0	0	0	0	0	0	0	0	0	0	0	0	0	0	0	0	30	0	0	0	0	0	0	0
ASV_911	0	0	0	0	0	0	0	0	0	0	0	0	0	0	0	0	13	0	0	0	0	0	0	0
ASV_912	0	0	0	0	0	0	0	12	0	0	0	18	0	0	0	0	0	0	0	0	0	0	0	0
ASV_913	0	0	0	0	0	0	0	0	0	0	0	0	0	0	0	0	0	0	0	0	32	0	0	0
ASV_914	0	0	0	0	0	0	0	0	0	14	0	0	0	0	0	0	0	0	0	0	0	0	0	0
ASV_915	0	0	0	0	0	0	0	0	0	0	0	0	0	0	0	0	0	0	0	0	0	0	0	92
ASV_916	0	0	0	0	0	0	0	0	0	0	0	0	0	0	0	0	450	0	0	0	0	0	0	0
ASV_917	0	0	0	0	0	0	0	0	0	5	0	0	0	0	10	0	0	0	0	0	0	0	0	0
ASV_918	0	0	32	0	0	0	0	0	0	0	0	0	0	0	0	0	0	0	0	0	0	0	0	0
ASV_919	0	0	0	0	0	0	0	0	0	96	0	0	0	0	0	0	0	0	0	0	0	0	0	0
ASV_920	0	72	50	0	410	0	13	185	92	0	0	0	246	15	88	0	0	0	0	0	132	0	0	0
ASV_921	0	77	0	0	0	0	0	84	111	0	0	0	33	0	0	0	0	0	0	0	265	0	0	0
ASV_922	0	0	0	0	0	0	0	0	0	0	0	0	15	0	0	0	0	0	0	0	16	0	0	0
ASV_923	0	28	0	0	0	0	0	0	0	0	0	8	0	0	0	0	0	0	0	0	0	0	0	0
ASV_924	0	0	0	0	0	0	0	0	0	0	0	26	0	0	0	0	0	0	0	0	0	0	0	0
ASV_925	0	0	0	0	0	0	0	0	0	0	0	0	0	0	0	0	0	0	0	0	64	0	0	0
ASV_926	0	0	0	0	0	0	0	0	0	0	0	0	0	87	0	920	0	0	0	0	0	0	0	0
ASV_927	159	0	0	0	0	0	0	0	34	139	0	261	3761	0	131	185	0	0	0	0	3056	0	0	0
ASV_928	0	0	0	0	0	0	0	0	0	0	0	0	158	0	0	0	0	0	0	0	0	0	0	0
ASV_929	31	0	0	0	0	0	0	0	27	0	0	1469	2230	246	473	201	0	0	0	0	0	0	0	0
ASV_930	0	0	0	0	0	0	0	0	38	0	0	0	281	0	0	0	0	0	0	0	0	0	0	0
ASV_931	147	148	0	0	0	0	20	71	56	1961	79	3338	12482	3505	3195	5236	0	0	0	0	1647	0	0	0
ASV_932	0	48	0	0	21	0	0	0	105	181	125	0	7523	808	0	2121	0	0	0	0	155	0	0	0
ASV_933	0	0	0	0	0	0	0	0	0	0	0	0	101	0	0	0	0	0	0	0	0	0	0	0
ASV_934	0	0	0	0	0	0	0	0	0	429	0	0	0	0	0	0	0	0	0	0	0	0	0	0
ASV_935	0	0	0	0	0	0	0	0	0	0	0	0	0	0	0	51	0	0	0	0	0	0	0	0
ASV_936	0	99	0	0	0	0	0	0	0	0	255	0	0	0	0	253	55	0	522	0	55	0	0	0
ASV_937	60	464	76	214	58	0	31	33	438	1200	92	147	191	0	73	269	8085	0	319	780	7387	75	0	1557
ASV_938	0	44	0	0	0	0	0	0	0	0	0	0	0	0	0	0	0	0	0	0	0	0	0	0
ASV_939	51	148	0	0	0	0	0	0	334	0	0	171	200	0	79	490	176	0	461	579	2656	0	115	4092
ASV_940	0	0	0	0	0	0	0	0	0	0	0	0	0	0	0	0	0	0	0	0	0	0	0	410
ASV_941	0	0	0	0	0	0	0	0	0	0	0	0	0	0	0	0	0	0	123	0	0	0	0	0
ASV_942	0	0	10	0	0	0	0	0	0	0	0	0	0	0	0	0	0	0	0	0	0	0	0	0
ASV_943	0	54	0	18	0	0	100	0	48	0	0	165	103	0	79	386	191	0	263	519	951	0	0	913
ASV_944	0	316	68	0	0	0	0	0	0	66	74	104	114	0	0	225	10697	0	30	45	2078	81	17	390
ASV_945	0	0	0	0	0	0	0	0	0	23	0	0	0	0	0	0	0	0	0	0	0	0	0	0
ASV_946	0	63	0	0	0	0	0	0	70	0	0	0	91	0	0	53	64	0	36	309	94	0	0	1393
ASV_947	0	0	0	0	0	0	0	0	0	0	0	0	0	0	0	0	0	0	0	0	787	0	0	0
ASV_948	0	119	0	0	0	0	0	0	0	0	0	0	0	0	0	0	0	0	0	0	0	0	0	0
ASV_949	0	0	0	0	0	0	0	0	0	0	0	0	0	0	0	0	14	0	0	0	0	0	0	0
ASV_950	0	0	0	0	0	0	0	0	0	0	0	0	0	0	0	0	0	0	0	0	0	14	0	0
ASV_951	0	0	0	0	0	0	0	0	0	0	0	0	0	10	0	0	0	0	0	0	0	0	0	0
ASV_952	0	0	0	0	0	0	0	0	0	36	0	0	82	0	0	0	0	0	0	0	0	0	0	0
ASV_953	0	0	0	0	0	0	0	0	0	0	0	0	22	53	0	0	0	0	0	0	0	0	0	0
ASV_954	0	0	0	0	0	0	0	0	0	228	0	0	0	0	0	0	0	0	0	0	0	0	0	0
ASV_955	0	0	0	0	0	0	0	0	0	88	0	0	0	0	0	0	0	0	0	0	0	0	0	0
ASV_956	0	0	0	0	0	0	0	0	0	0	0	0	0	0	0	37	0	0	0	0	0	0	0	0
ASV_957	0	0	0	0	0	0	0	0	0	78	0	0	0	0	0	0	0	0	0	0	0	0	0	0
ASV_958	0	0	0	0	0	0	0	0	0	706	0	0	0	0	0	0	0	0	0	0	0	0	0	0
ASV_959	0	0	0	0	0	0	0	0	0	113	0	0	0	0	0	0	0	0	0	0	0	0	0	0
ASV_960	0	0	0	0	0	0	0	54	0	47	0	50	147	0	0	0	0	0	0	0	0	0	0	0
ASV_961	0	0	0	0	0	0	0	0	0	0	0	0	177	0	0	0	0	0	0	0	0	0	0	0
ASV_962	0	37	0	0	85	0	19	68	0	595	0	1121	133	45	0	174	81	0	0	237	172	23	94	153
ASV_963	0	0	0	0	0	0	0	0	0	0	0	0	0	0	0	2657	0	0	0	0	0	0	0	0
ASV_964	0	0	0	0	0	0	0	0	0	0	0	0	0	0	0	1572	0	0	0	0	0	0	0	0
ASV_965	0	0	0	0	0	0	0	0	0	0	0	0	511	0	19	0	0	0	0	0	0	0	0	0
ASV_966	0	0	0	0	0	0	0	11	0	0	0	0	0	0	0	0	0	0	0	0	0	0	0	26
ASV_967	0	0	0	0	0	0	93	0	0	151	0	363	2284	0	0	23	0	0	0	0	0	0	0	0
ASV_968	0	0	0	0	0	0	0	0	0	0	0	99	380	51	21	0	0	0	0	0	0	0	0	0
ASV_969	0	0	0	0	0	0	0	0	0	0	0	131	336	0	0	0	0	0	0	0	0	0	0	0
ASV_970	0	0	0	0	0	0	0	0	0	0	0	183	903	32	0	0	0	0	0	0	0	0	0	0
ASV_971	0	0	0	0	19	0	11	0	0	0	0	0	0	0	0	0	0	0	0	0	0	0	0	0
ASV_972	0	0	0	0	0	0	0	0	0	0	0	0	0	0	0	0	0	0	0	0	0	0	11	0
ASV_973	0	0	0	0	0	0	0	0	0	0	0	0	0	0	0	0	0	0	0	0	0	0	24	0
ASV_974	0	0	0	0	0	0	0	0	0	0	0	0	0	0	0	0	0	0	0	0	0	0	19	0
ASV_975	0	0	29	0	0	0	0	0	0	0	0	0	23	0	0	12612	0	0	0	0	0	0	0	0
ASV_976	0	0	0	0	0	0	0	0	33	0	70	84	0	0	0	0	0	0	0	0	0	0	0	0
ASV_977	0	0	0	0	0	0	0	0	0	0	0	0	0	0	0	75	0	0	0	0	0	0	0	0
ASV_978	0	0	0	325	0	0	36	0	0	81	109	150	0	0	0	0	0	0	0	0	0	0	0	0
ASV_979	0	0	0	0	0	0	0	0	12	0	0	184	0	0	0	0	0	0	0	0	0	0	0	0
ASV_980	0	0	0	0	0	0	0	0	0	0	0	62	0	0	0	0	0	0	0	0	0	0	0	0
ASV_981	0	0	0	129	0	0	0	0	0	0	0	0	37	35	0	0	0	0	0	0	0	0	0	0
ASV_982	0	0	0	0	0	41	0	89	0	19	0	0	0	0	0	0	0	0	0	0	0	0	0	0
ASV_983	0	0	0	66	0	0	0	0	0	0	0	0	0	0	0	0	0	0	0	0	0	0	0	0
ASV_984	0	0	0	0	0	0	0	0	0	26	0	0	0	0	0	0	0	0	0	0	0	0	0	0
ASV_985	0	0	0	0	61	0	0	52	0	2780	0	140	552	0	249	285	292	0	467	0	76	63	67	227
ASV_986	172	126	72	105	226	0	181	258	63	1963	350	4622	2880	759	2568	680	641	98	398	1696	3787	99	325	1477
ASV_987	0	0	0	0	0	0	0	15	0	0	0	0	0	0	0	0	0	0	0	0	0	34	0	0
ASV_988	0	0	0	0	0	0	0	0	0	0	0	0	247	0	58	0	0	0	0	0	0	0	0	0
ASV_989	0	0	0	0	0	0	0	0	0	0	0	0	0	0	0	0	0	0	0	0	0	0	0	32
ASV_990	0	126	0	57	206	20	92	302	98	73	305	95	282	285	71	315	269	62	468	466	102	171	76	237
ASV_991	60	43	0	0	0	0	59	37	0	993	0	132	894	239	214	265	185	0	0	50	705	0	1344	409
ASV_992	0	0	0	0	0	0	0	0	0	0	0	0	765	266	161	0	129	0	0	0	525	20	188	0
ASV_993	0	0	0	0	0	0	0	0	0	0	0	0	0	0	0	202	0	0	0	0	0	0	0	0
ASV_994	0	0	1577	0	130	0	71	0	0	76	0	60	860	0	109	323	0	0	0	0	0	0	0	0
ASV_995	0	0	460	0	0	0	0	0	21	41	0	0	468	0	347	470	0	0	0	0	0	0	0	0
ASV_996	0	0	0	0	15	0	48	17	0	0	21	0	0	30	0	597	0	0	0	0	37	0	0	0
ASV_997	0	0	0	0	0	0	0	0	0	11	0	0	0	0	0	0	0	0	0	0	0	0	0	0
ASV_998	0	0	0	0	0	0	0	0	0	150	0	0	3005	0	0	0	0	0	0	0	0	0	0	0
ASV_999	0	0	0	0	0	0	0	113	0	269	0	53	0	0	0	0	0	0	0	0	0	0	0	0
ASV_1000	0	0	0	0	0	0	0	0	0	0	0	0	51	0	0	0	0	0	0	0	0	0	0	0
ASV_1001	0	0	0	0	0	0	0	0	0	16	0	0	0	0	0	0	0	0	0	0	0	0	0	0
ASV_1002	0	0	0	0	0	0	0	0	0	0	0	41	0	0	0	0	0	0	0	0	0	0	0	0
ASV_1003	0	0	0	0	0	0	0	0	0	0	74	0	0	0	0	0	0	0	0	0	0	0	0	0
ASV_1004	0	0	0	0	0	0	0	0	12	0	0	0	0	0	0	0	0	0	0	0	0	0	0	0
ASV_1005	0	0	0	0	0	0	0	0	0	12	0	0	0	0	0	0	0	0	0	0	0	0	0	0
ASV_1006	0	0	0	0	0	0	0	0	0	117	0	0	0	0	0	0	0	0	0	0	0	0	0	0
ASV_1007	265	624	307	236	78	0	82	340	75	11275	198	6986	6659	240	5730	845	613	0	168	525	3884	47	782	2728
ASV_1008	0	0	92	0	119	0	108	0	0	0	42	0	0	92	0	582	0	0	0	0	187	0	0	111
ASV_1009	0	0	0	0	0	0	0	0	0	0	0	0	0	0	0	150	0	0	0	0	0	0	0	0
ASV_1010	0	0	0	0	35	0	0	0	0	0	0	0	0	41	0	0	0	0	0	0	0	0	0	0
ASV_1011	0	0	0	0	0	0	0	0	0	96	0	0	0	0	0	0	0	0	0	0	0	0	0	0
ASV_1012	0	0	0	0	0	0	0	0	0	0	0	0	0	53	0	0	0	0	0	0	0	0	0	0
ASV_1013	0	0	0	83	0	0	0	0	0	0	0	0	0	0	0	0	0	0	0	0	0	0	0	0
ASV_1014	12342	16419	6434	3869	2181	2981	2640	4452	3808	2162	2498	7027	2715	2061	802	1638	0	0	0	0	9335	0	0	0
ASV_1015	9121	14262	3468	1783	3569	2489	3818	7335	2072	2129	2676	3424	2452	2697	1186	2192	0	0	0	0	5494	0	0	0
ASV_1016	0	0	0	0	0	0	0	0	0	0	0	0	80	0	0	0	0	0	0	0	0	0	0	0
ASV_1017	17	0	0	0	0	0	0	0	0	0	0	0	0	0	0	0	0	0	0	0	0	0	0	0
ASV_1018	0	54	0	1057	1158	0	0	106	0	0	0	66	79	0	77	769	0	0	0	0	0	0	0	0
ASV_1019	0	157	0	0	448	0	10	1108	0	0	19	0	0	0	0	417	0	0	0	0	0	0	0	0
ASV_1020	0	0	0	0	0	0	0	0	0	57	0	0	418	0	0	0	0	0	0	0	0	0	0	0
ASV_1021	130	0	0	0	0	0	0	0	0	0	0	0	0	0	0	0	0	0	0	0	0	0	0	0
ASV_1022	112	0	0	0	0	0	0	0	0	0	0	21	0	0	0	0	0	0	0	0	0	0	0	0
ASV_1023	95	0	0	0	0	0	0	0	0	1299	0	0	119	0	0	0	0	0	0	0	34	0	0	0
ASV_1024	12	0	0	0	0	0	0	0	0	0	0	0	0	0	0	0	0	0	0	0	0	0	0	0
ASV_1025	0	0	0	0	0	0	0	0	0	0	0	120	0	0	0	0	0	0	0	0	0	0	0	0
ASV_1026	0	0	0	0	0	0	0	21	0	102	0	290	20	0	0	608	0	0	0	0	0	0	0	0
ASV_1027	0	0	0	0	0	0	0	0	0	0	0	0	0	0	11	0	0	0	0	0	0	0	0	0
ASV_1028	0	0	0	0	0	0	0	0	0	0	0	41	0	0	0	0	0	0	0	0	0	0	0	0
ASV_1029	164	0	0	0	0	0	0	0	0	591	0	0	0	0	0	0	0	0	0	0	0	0	0	0
ASV_1030	0	0	0	0	0	0	0	0	0	0	0	0	98	0	0	0	0	0	0	0	0	0	0	0
ASV_1031	0	0	0	0	1262	0	46	0	8	0	0	0	13	0	0	24	0	0	0	0	0	0	0	0
ASV_1032	0	0	0	0	236	0	0	0	0	0	0	0	0	0	0	0	0	0	0	0	0	0	0	0
ASV_1033	0	0	76	0	0	0	0	0	0	26	0	39	0	0	0	0	0	0	0	0	0	0	0	0
ASV_1034	0	6	22	0	0	0	0	0	0	0	0	0	0	0	0	0	0	0	0	0	0	0	0	0
ASV_1035	0	347	39	42	178	2861	129	233	134	339	53	3124	471	1535	811	520	0	0	0	0	19	0	171	0
ASV_1036	57	0	0	0	0	0	57	0	0	0	0	0	0	20	0	0	0	0	0	0	0	0	0	0
ASV_1037	289	93	0	0	0	122	1605	74	0	182	402	0	32	0	0	0	0	0	0	0	30	0	0	0
ASV_1038	450	172	0	0	0	0	1455	0	0	0	263	0	0	0	0	0	0	0	0	0	0	0	0	0
ASV_1039	47	660	0	0	0	0	0	70	0	0	0	72	0	0	42	0	0	0	0	0	99	0	0	0
ASV_1040	0	0	0	0	0	0	0	0	0	137	0	0	0	0	0	0	0	0	0	0	0	0	0	0
ASV_1041	2222	2472	6075	12815	3426	4560	5690	5434	1527	1590	2399	2883	548	1771	430	324	0	0	0	0	6502	0	0	0
ASV_1042	0	0	599	0	0	0	0	0	0	0	0	0	0	0	0	0	0	0	0	0	0	0	0	0
ASV_1043	0	0	75	0	0	0	0	0	0	0	0	0	0	0	0	0	0	0	0	0	0	0	0	0
ASV_1044	0	0	0	0	51	0	171	0	0	0	0	0	0	0	0	0	0	0	0	0	0	0	0	0
ASV_1045	4293	5225	5575	8094	424	5153	2944	7499	1580	798	881	1128	43	140	26	1245	0	0	0	0	2663	0	0	0
ASV_1046	997	171	137	476	0	0	0	0	0	0	0	0	0	0	0	0	0	0	0	0	76	0	0	0
ASV_1047	0	132	0	307	587	0	261	0	0	0	49	0	0	0	0	0	0	0	0	0	130	0	0	0
ASV_1048	0	122	0	0	297	2553	379	1401	157	396	0	2254	505	744	1376	365	0	0	0	0	0	0	0	0
ASV_1049	0	0	0	0	47	0	0	0	0	0	0	0	0	0	0	0	0	0	0	0	0	0	0	0
ASV_1050	0	0	0	0	217	0	0	0	0	0	0	199	0	0	0	0	0	0	0	0	0	0	0	0
ASV_1051	0	0	0	0	0	0	0	0	0	0	18	0	0	211	0	0	0	0	0	0	0	0	0	0
ASV_1052	0	0	0	0	0	425	0	0	0	0	0	0	0	121	0	0	0	0	0	0	0	0	0	0
ASV_1053	0	0	215	0	0	0	0	0	0	0	0	0	0	0	0	0	0	0	0	0	0	0	0	0
ASV_1054	123	0	0	0	0	0	0	0	0	0	0	0	0	0	0	0	0	0	0	0	0	0	0	0
ASV_1055	0	0	0	96	0	0	0	0	0	0	0	0	0	0	0	0	0	0	0	0	0	0	0	0
ASV_1056	0	0	0	0	0	0	0	0	0	164	0	0	0	0	0	0	0	0	0	0	0	0	0	0
ASV_1057	102	0	0	0	0	0	0	0	0	0	0	0	0	0	0	0	0	0	0	0	0	0	0	0
ASV_1058	0	0	0	0	0	0	0	0	54	0	0	0	0	0	0	0	0	0	0	0	0	0	0	0
ASV_1059	111	0	0	0	0	0	0	0	0	0	0	0	0	0	0	0	0	0	0	0	0	0	0	0
ASV_1060	190	0	0	0	0	0	0	0	0	0	0	0	0	0	0	0	0	0	0	0	0	0	0	0
ASV_1061	0	0	0	740	0	0	0	0	0	0	0	0	0	0	0	0	0	0	0	0	0	0	0	0
ASV_1062	1263	119	310	1272	251	0	306	0	60	0	0	0	0	0	0	0	0	0	0	0	522	0	0	0
ASV_1063	61023	28069	47145	54438	33660	21961	23236	19658	4087	8248	9470	6781	1889	1614	150	1413	0	0	0	0	20784	0	0	0
ASV_1064	3051	6595	7392	3675	186	49	300	2848	0	77	0	43	123	55	0	0	0	0	0	0	1124	0	0	0
ASV_1065	0	58	0	0	0	0	0	0	0	0	0	0	0	0	0	0	0	0	0	0	0	0	0	0
ASV_1066	0	0	0	0	0	0	0	0	0	0	350	0	0	0	0	0	0	0	0	0	0	0	0	0
ASV_1067	897	111	132	0	0	4128	113	101	141	315	448	0	0	0	0	629	0	0	0	0	0	0	0	0
ASV_1068	0	0	0	0	0	0	42	0	0	0	357	0	0	0	0	0	0	0	0	0	194	0	0	0
ASV_1069	80	0	0	0	0	0	0	0	26	0	0	0	0	0	91	0	0	0	0	0	0	0	0	0
ASV_1070	0	0	0	0	0	0	0	0	0	0	0	0	0	0	0	138	0	0	0	0	0	0	0	0
ASV_1071	0	0	0	0	0	0	0	0	0	127	0	0	0	0	0	0	0	0	0	0	0	0	0	0
ASV_1072	0	0	0	0	0	135	0	0	0	0	0	0	0	0	0	0	0	0	0	0	0	0	0	0
ASV_1073	0	0	0	0	0	0	0	0	0	0	0	0	0	0	0	0	0	0	0	28	0	0	0	0
ASV_1074	8999	6832	6851	4049	9456	30349	9193	18388	45543	21439	24642	19108	6882	18884	4891	10573	0	0	0	0	4248	0	225	142
ASV_1075	5627	4936	4674	2840	9349	24146	7991	9370	17725	13825	20649	17565	5975	17582	2935	11557	0	0	45	101	2482	20	1029	163
ASV_1076	922	422	697	449	1387	3601	935	1851	2928	1218	600	445	1747	1523	2182	1517	0	0	0	0	416	0	0	0
ASV_1077	0	139	0	152	0	0	0	0	0	0	0	0	0	0	0	0	0	0	0	0	0	0	0	0
ASV_1078	384	318	567	5297	787	1272	783	3319	1432	491	2432	1568	344	3582	3009	2330	0	0	0	0	0	0	0	0
ASV_1079	191	383	647	512	325	911	370	1467	69	257	453	1673	618	2806	1240	1215	0	0	0	0	69	0	0	0
ASV_1080	0	0	40	0	0	0	0	0	0	0	0	0	0	0	0	0	0	0	0	0	0	0	0	0
ASV_1081	0	0	0	0	0	0	0	0	0	0	0	62	0	0	0	0	0	0	0	0	0	0	0	0
ASV_1082	1629	9894	798	2193	7043	7510	4756	11213	7487	5011	15495	3676	2411	13266	21964	11584	0	0	0	0	511	0	0	0
ASV_1083	0	215	0	2838	3258	315	433	329	114	520	572	627	30	516	5731	598	0	0	0	0	0	0	0	0
ASV_1084	0	0	0	0	0	0	0	173	0	0	0	0	0	0	0	0	0	0	0	0	0	0	0	0
ASV_1085	0	0	0	0	0	0	0	0	0	0	0	0	0	80	0	0	0	0	0	0	0	0	0	0
ASV_1086	0	0	0	0	0	0	0	0	0	0	0	71	0	0	0	0	0	0	0	0	0	0	0	0
ASV_1087	0	0	0	0	0	0	0	0	0	0	0	0	0	117	0	0	0	0	0	0	0	0	0	0
ASV_1088	6024	4356	805	916	6361	8634	3159	8073	3273	2177	15589	2426	1924	12532	13736	13851	0	0	0	0	142	0	0	0
ASV_1089	0	0	0	123	0	0	0	688	0	0	0	0	0	421	0	0	0	0	0	0	0	0	0	0
ASV_1090	0	0	0	0	0	0	0	0	0	0	0	0	0	407	0	0	0	0	0	0	0	0	0	0
ASV_1091	0	454	0	360	0	459	0	0	0	0	0	189	0	0	0	0	0	0	0	0	0	0	0	0
ASV_1092	0	0	0	0	0	0	0	0	0	0	0	0	0	0	0	80	0	0	0	0	0	0	0	0
ASV_1093	0	0	0	0	0	290	0	0	0	0	0	0	0	0	0	0	0	0	0	0	0	0	0	0
ASV_1094	0	0	0	0	0	0	0	0	0	0	0	61	0	0	0	147	0	0	0	0	0	0	0	0
ASV_1095	0	0	0	0	0	281	0	0	222	840	128	174	39	848	338	467	0	0	0	0	0	0	0	0
ASV_1096	0	0	0	0	0	50	0	0	0	0	0	0	0	0	44	0	0	0	0	0	0	0	0	0
ASV_1097	0	66	0	0	0	0	0	0	0	0	500	0	0	0	0	274	0	0	0	0	0	0	0	0
ASV_1098	61	57	0	0	0	1865	632	238	0	0	124	339	74	102	0	105	0	0	0	0	0	0	0	0
ASV_1099	0	0	0	0	0	0	0	0	39	0	0	0	0	0	0	0	0	0	0	0	0	0	0	0
ASV_1100	0	0	0	0	0	0	0	0	269	0	0	265	0	0	0	0	0	0	0	0	0	0	0	0
ASV_1101	0	0	0	0	0	0	0	0	0	0	0	0	0	48	0	0	0	0	0	0	0	0	0	0
ASV_1102	0	0	0	0	0	0	0	0	0	0	0	0	0	171	0	0	0	0	0	0	0	0	0	0
ASV_1103	0	0	0	0	0	0	0	0	0	0	0	0	0	33	0	0	0	0	0	0	0	0	0	0
ASV_1104	0	0	0	0	0	0	11	0	0	0	0	0	0	0	0	0	0	0	0	0	0	0	0	0
ASV_1105	0	0	0	0	0	24	0	0	67	42	28	0	0	0	0	26	0	0	0	0	0	0	0	0
ASV_1106	0	0	0	0	0	0	0	0	67	0	0	0	0	0	0	0	0	0	0	0	0	0	0	0
ASV_1107	0	0	0	0	0	0	0	0	0	0	0	0	0	78	0	0	0	0	0	0	0	0	0	0
ASV_1108	0	0	0	0	11	0	0	0	0	0	0	0	0	0	0	0	0	0	0	0	0	0	0	0
ASV_1109	0	0	0	0	0	0	0	0	0	0	0	0	0	10	0	0	0	0	0	0	0	0	0	0
ASV_1110	0	0	0	0	0	0	0	0	0	0	0	0	0	0	0	427	0	0	0	0	0	0	0	0
ASV_1111	0	0	0	0	0	0	0	0	0	0	0	0	0	0	81	100	0	0	0	0	0	0	0	0
ASV_1112	0	0	0	0	0	0	0	0	0	112	0	0	0	0	0	0	0	0	0	0	0	0	0	0
ASV_1113	0	0	26	0	0	0	0	0	0	0	0	0	0	0	0	0	0	0	0	0	0	0	0	0
ASV_1114	840	0	833	0	0	0	0	0	0	0	0	0	0	0	0	0	0	0	0	0	0	0	0	0

